ComputeInstance,EventSequence
0033de25-872a-4020-bc0c-a634bee44e19,"[10, 11, 2, 3, 1, 14, 16, 17, 1, 15, 8, 6, 13, 4, 9, 7, 12, 5]"
0040ce97-2743-4fb0-8654-e3d4c8266b15,"[10, 11, 2, 3, 1, 14, 16, 17, 15, 8, 6, 13, 4, 9, 7, 5, 12]"
00a2cdd0-04fa-4f74-8dd2-9cb1d3a50a1d,[20]
00b040f5-522b-4a84-82cc-b471e088276e,"[10, 11, 8, 6, 4, 9, 7, 12]"
00c36656-9e88-44ae-99c4-63dc59c6fe6c,"[10, 11, 2, 3, 1, 14, 16, 17, 1, 15, 8, 6, 13, 4, 9, 7, 12, 5]"
00c84bd7-55a4-4c05-8b93-72f495d7a202,"[10, 11, 2, 16, 17, 1, 3, 15, 14, 8, 6, 13, 4, 9, 7, 12, 5]"
00df7805-b589-4986-ac58-ab4306e41419,[20]
01168c31-59e9-434c-bb99-1eed3404086a,"[279, 78, 78, 78]"
013a81af-beef-4377-8e15-ca3efc3e030d,"[10, 11, 2, 3, 1, 14, 16, 17, 15, 8, 6, 13, 4, 9, 7, 12, 5]"
016b8980-1a34-4a18-aba5-2aa381624d8f,[20]
01b58c0c-fab8-4b4f-96ca-16676bc1dbdc,[20]
01c50546-6d85-45c9-895d-92b716715cbf,"[10, 11, 2, 3, 1, 14, 16, 17, 1, 15, 8, 6, 13, 4, 9, 7, 5, 12]"
01c942ae-7fb8-4c31-9815-eb4d67e618e2,"[10, 11, 2, 3, 1, 13, 4, 25, 8, 6, 4, 9, 27, 26, 7, 12, 5]"
01f951f6-8d00-4f46-b907-e9b418045ae1,"[10, 11, 2, 2, 2, 2, 3, 3, 3, 1, 3, 1, 1, 1, 28, 23, 5, 5, 5, 5, 1, 1, 1, 1]"
02560723-3924-4c12-9d04-4dd4ac87d1d2,"[10, 11, 2, 3, 1, 14, 16, 17, 1, 15, 8, 6, 13, 4, 9, 7, 12, 5]"
02644506-78fc-4fb3-9850-140e67a92637,"[10, 11, 2, 16, 17, 1, 3, 15, 14, 8, 6, 13, 4, 9, 7, 12, 5]"
02915417-a4bb-47e6-ae34-668f770451bf,"[10, 11, 2, 3, 1, 14, 16, 17, 1, 15, 8, 6, 13, 4, 9, 7, 12, 5]"
0293f7f0-5f51-45c4-b3b7-a143e5fc8349,"[191, 127, 127, 127]"
02aa9cfe-0abf-4d63-a59b-fb40bf04edca,"[10, 11, 2, 16, 17, 1, 3, 14, 15, 8, 6, 13, 4, 9, 7, 12, 5]"
02b64378-cb36-42ee-a77a-4e20930f6163,"[10, 11, 2, 16, 17, 1, 3, 14, 15, 1, 8, 6, 13, 4, 9, 7, 12, 5]"
02bcc1d3-81e9-4033-b8c0-f923504435c8,"[10, 11, 2, 16, 17, 1, 3, 15, 14, 8, 6, 13, 4, 9, 7, 12, 5]"
02d94ae4-ad5b-49d5-9ab5-e3f2245075a9,"[10, 11, 2, 16, 17, 1, 3, 14, 15, 8, 6, 13, 4, 9, 5, 7, 12]"
02e85c3f-84fc-43f0-84f1-7de48feaa066,"[10, 11, 2, 3, 1, 14, 16, 17, 1, 15, 8, 6, 13, 4, 9, 7, 12, 5]"
02f002e8-ace1-4982-b18c-ffbe17bcd531,"[10, 11, 2, 3, 1, 14, 16, 17, 1, 15, 1, 8, 6, 13, 4, 9, 7, 12, 5]"
03bfc48a-3e2b-46ee-9ae0-3b73da690ba6,"[10, 11, 2, 3, 1, 14, 16, 17, 1, 15, 8, 6, 13, 4, 9, 7, 12, 5]"
041aaf18-5067-4de7-82bb-a857385a101f,"[10, 11, 2, 3, 1, 14, 16, 17, 15, 1, 8, 6, 13, 4, 36, 9, 7, 12, 5]"
042cf4c3-20c3-4208-8084-9c2fea9c21c1,[20]
044b96a2-5465-46d8-8fae-0324cab8bc8a,[20]
046f433c-a49c-4259-99d9-c186a2b19f6b,"[10, 11, 2, 3, 1, 14, 16, 17, 1, 15, 8, 6, 13, 4, 9, 5, 7, 12]"
047816c0-642c-46dc-a3b4-25b7831cdad7,"[10, 11, 2, 3, 1, 14, 16, 17, 15, 8, 6, 13, 4, 9, 7, 12, 5]"
0489aaf8-d554-487c-945d-89e5118e8dba,"[10, 11, 2, 16, 17, 1, 3, 15, 14, 8, 6, 13, 4, 9, 7, 12, 5]"
04a4e568-81d1-4fec-a67d-391bbe9d4b23,[20]
04c1d5e8-c8a1-4441-9c0e-7e06d7576b2c,[20]
04ddfaed-2edf-499d-b374-86d76d7a91bf,"[10, 11, 2, 3, 1, 14, 16, 17, 1, 15, 8, 6, 13, 4, 9, 5, 7, 12]"
053d7ebd-7ddc-486e-9728-155664eaeeed,"[10, 11, 2, 3, 1, 14, 16, 17, 1, 15, 8, 6, 13, 4, 9, 7, 12, 5]"
05892279-8a8a-4d32-a0de-5cde0d2156fd,[20]
05a4bacf-de01-4b8a-ac10-73c504d9ccf4,"[10, 11, 2, 3, 1, 13, 4, 25, 8, 6, 4, 9, 27, 26, 7, 12, 5]"
05df6185-fde7-4baa-b1bf-17d500cf15ab,[20]
05e9f350-d905-42bb-8610-ff905d224446,"[10, 11, 2, 3, 1, 14, 16, 17, 1, 15, 8, 6, 13, 4, 9, 7, 12, 1, 5]"
061e64b2-d0f0-4f8e-8292-fb2b3b17e58f,"[10, 11, 2, 3, 1, 14, 16, 17, 1, 15, 8, 6, 13, 4, 9, 7, 12, 5]"
064c1a59-f295-4d0d-9837-bdeab5c40dd6,[20]
064e187a-672b-4513-beaa-287d6b8828b4,"[10, 11, 2, 3, 1, 14, 16, 17, 1, 15, 8, 6, 13, 4, 9, 22, 7, 12, 5]"
06a96868-2769-4a7a-9f0f-ba9c36b7ec78,"[10, 11, 2, 16, 17, 1, 3, 14, 15, 8, 6, 13, 4, 9, 7, 12, 5]"
06d76533-4c4e-46d7-95ad-7f49e8e67ccb,[20]
076efc1b-6acc-4635-9526-58b646465e32,"[209, 136, 136, 136]"
077437f7-b131-43db-8b62-1ce473b3f3f8,"[10, 11, 2, 16, 17, 1, 3, 14, 15, 8, 6, 13, 4, 9, 7, 12, 5]"
079dd5c3-e7c5-45dc-9fa1-dea9654add13,"[10, 11, 2, 3, 1, 14, 16, 17, 1, 15, 8, 6, 13, 4, 9, 7, 12, 5]"
07ba815d-2397-4cc9-ac25-6603860e63aa,[20]
07cc5f99-8a47-4daa-b051-f3479cb70d88,[20]
07df4693-a348-40d3-b00d-8ad0ca3e4f0f,[20]
07e79eeb-a5a9-4cab-890d-cdc9314a7735,[20]
080c3cf1-580c-41d2-b2b1-518c7b569977,[20]
084df439-8efb-4a4e-860d-ae64761bad09,[20]
086f9a2b-c040-475a-92b6-34f1c76eeab9,"[10, 11, 2, 3, 1, 14, 16, 17, 1, 15, 8, 6, 13, 4, 9, 7, 12, 5]"
08797078-35f0-4379-b276-5352b4c3bf73,"[10, 11, 2, 16, 17, 1, 3, 14, 15, 8, 6, 13, 4, 9, 7, 12, 5]"
0885a7d3-6fd5-4ed1-ad3a-9d066b9cf3e5,"[10, 11, 2, 3, 1, 14, 16, 17, 1, 15, 8, 6, 13, 4, 9, 7, 5, 12]"
089baf24-888c-40c3-b08d-252830519ee0,[20]
08a61249-e533-407c-80e7-730e0abd50bf,"[10, 11, 2, 3, 1, 14, 16, 17, 1, 15, 8, 6, 13, 4, 9, 7, 12, 5]"
08a6ad88-7537-4a6d-9da2-ddf8d6cc6ff3,"[10, 11, 2, 3, 1, 13, 4, 25, 8, 6, 4, 9, 27, 26, 7, 12, 5]"
08bcceac-edf5-45c6-84b7-2d8522629054,"[10, 11, 2, 2, 2, 2, 3, 3, 3, 3, 1, 1, 1, 1, 28, 23, 5, 5, 5, 5, 1, 1, 1, 1, 8, 6, 13, 4, 9, 34, 7, 12, 29, 4, 33, 8, 6, 4, 9, 7]"
08c870fd-1515-4460-913f-44be7cf3edf5,"[236, 105, 105, 105]"
0909e467-abc5-46da-aa5e-5ad638e12e7a,"[268, 99, 99, 99]"
0924cc83-4847-4c13-8a48-680a920dc320,[20]
092ec7e6-f7f8-4192-acea-3cc1151f4d5e,[20]
0990e3b3-4d5f-446d-bec8-fcafbaa45e8e,[20]
099b0d9c-71fd-43b8-ad34-07c0deb9ee42,"[10, 11, 2, 16, 17, 1, 3, 15, 14, 8, 6, 13, 4, 9, 7, 12, 5]"
09a3ea5e-22c9-47f8-b45d-4307653187b1,[20]
0a0244ad-9f0e-484c-83d6-5b936ce09b50,"[280, 90, 90, 90]"
0a0cbe98-7cd3-4294-b3aa-465304c7731a,[20]
0a1ddc3b-b8e6-4d4e-a6eb-840ed1a1c173,[20]
0a444d64-92f1-4f36-bf0b-8c12cb61371c,"[10, 11, 2, 3, 1, 14, 16, 17, 1, 15, 8, 6, 13, 4, 9, 7, 12, 5]"
0a786763-af75-4641-b5e5-37418e0d890a,"[10, 11, 2, 3, 1, 14, 16, 17, 1, 15, 1, 8, 6, 13, 4, 9, 7, 12, 5]"
0ac41210-0c59-4c63-b10d-b73a1adf84e5,"[10, 11, 2, 16, 17, 1, 3, 15, 14, 8, 6, 13, 4, 9, 7, 12, 5]"
0ad5d141-2c9e-4afd-ab86-2c8e5fa3a287,"[10, 11, 2, 3, 1, 14, 16, 17, 1, 15, 8, 6, 13, 4, 9, 7, 12, 5]"
0b02abf3-17be-4f95-b59f-91c6774bf398,"[10, 11, 2, 3, 1, 14, 16, 17, 1, 15, 8, 6, 13, 4, 9, 7, 12, 5]"
0b3c3338-8a87-4110-b5f1-97d1baf27357,"[10, 11, 2, 3, 1, 14, 16, 17, 15, 8, 6, 13, 4, 9, 7, 12, 5]"
0b641515-1784-4e9e-9b27-c35ce2b82249,[20]
0ba48d51-d6f9-4765-95a3-25ecee4bbfb4,"[10, 11, 2, 3, 1, 14, 16, 17, 1, 15, 8, 6, 13, 4, 36, 9, 7, 12, 5]"
0bbb5dbb-fdbd-4a54-840b-f89bd0a44e64,"[10, 11, 2, 3, 1, 14, 16, 17, 1, 15, 8, 6, 13, 4, 9, 7, 12, 5]"
0bdc6f08-787b-4ea1-a838-68c712183db1,"[10, 11, 35, 13, 4, 42, 8, 6, 4, 9, 43, 7, 12]"
0bfce493-5ba6-4672-b1da-ce7ce33ea687,[20]
0c08f6dd-a08c-407b-bae3-d9d782f859f0,"[10, 11, 2, 16, 17, 1, 3, 14, 15, 8, 6, 13, 4, 9, 7, 12, 5]"
0c639e65-417e-46d5-b450-332ea265607f,[20]
0c6d2b7a-100a-4572-9759-c578519eb50d,[20]
0ca155f9-c903-4fa0-b9b3-9f31addda43c,"[10, 11, 2, 3, 1, 14, 16, 17, 1, 15, 8, 6, 13, 4, 9, 7, 12, 5]"
0cdc8378-e407-4eb5-b457-0b4f60529d18,"[10, 11, 2, 16, 17, 1, 3, 15, 14, 8, 6, 13, 4, 9, 7, 12, 5]"
0ce3a270-7b42-4bc5-a671-bde44c637143,"[226, 103, 103, 103]"
0ce8640f-bafe-4d21-94b0-22f8ab6821bc,[20]
0cef08a0-3238-40e0-9792-f9e1291b6fc2,"[10, 45, 11, 2, 2, 2, 2, 3, 3, 3, 3, 1, 1, 1, 1, 28, 23, 5, 5, 5, 5, 1, 1, 1, 1, 8, 6, 13, 4, 9, 7, 34, 12, 29, 4, 33, 8, 6, 4, 9, 7]"
0d1f75c1-54e9-4a80-a8ea-0cbec738faa5,"[10, 11, 48, 13, 4, 142, 8, 6, 4, 9, 177, 7, 12]"
0d28fd21-374d-47b4-a6b0-44b7ea22c3b1,"[10, 11, 2, 3, 1, 14, 16, 17, 1, 15, 8, 6, 13, 4, 9, 7, 12, 22, 5]"
0d4f40fc-c682-4e66-b9ba-921cef04ae56,"[10, 11, 2, 3, 1, 14, 16, 17, 15, 8, 6, 13, 4, 9, 7, 5, 12]"
0d6ea36e-706f-4f05-9f40-896f4490d4a5,"[10, 11, 2, 3, 1, 14, 16, 17, 1, 15, 8, 6, 13, 4, 9, 7, 12, 5]"
0da602eb-9536-4a32-854c-fc4721d85514,"[10, 11, 2, 16, 17, 1, 3, 14, 15, 8, 6, 13, 4, 9, 7, 12, 22, 5]"
0df5f0ce-6ea8-4b00-918b-5696750fcd9f,[20]
0e2b3d10-dc68-4cff-8918-b44201a97a5b,[20]
0e742e01-f50d-488f-ab13-5dfc094d5bed,"[10, 11, 2, 16, 17, 1, 3, 14, 15, 8, 6, 13, 4, 36, 9, 7, 12, 5]"
0e8a793d-d4a9-4090-b0db-d2cec12b3617,[20]
0eaca11a-f040-471a-ab1e-88beecc9146f,"[10, 11, 2, 3, 1, 14, 16, 17, 15, 8, 6, 13, 4, 9, 7, 5, 12]"
0ec03be4-933b-4591-b2d9-7f494a020fea,"[10, 11, 2, 3, 1, 14, 16, 17, 15, 8, 6, 13, 4, 9, 7, 12, 5]"
0ecce646-3542-4c66-87ec-a4b665ac3d53,"[10, 11, 2, 3, 1, 14, 16, 17, 1, 15, 8, 6, 13, 4, 9, 7, 12, 5]"
0ed7d8f6-fda7-4de0-833c-bcef9d95ac67,"[10, 11, 2, 16, 17, 1, 3, 15, 14, 8, 6, 13, 4, 9, 22, 7, 12, 5]"
0f156ff5-ce0a-441d-a461-c7889c877bcd,[20]
0f5e6155-6aaa-4e31-ad49-7bd12701b113,"[10, 11, 2, 3, 1, 14, 16, 17, 15, 8, 6, 13, 4, 9, 22, 5, 7, 12]"
0f752765-c7a9-4957-926c-21c2320df420,"[225, 201]"
0f8c4681-d8e8-45ad-8b9c-4f4903d17b19,"[10, 11, 2, 3, 1, 14, 16, 17, 1, 15, 8, 6, 13, 4, 9, 7, 5, 12]"
1042e479-bc53-430e-9185-9424b1ddb609,[20]
10abb86f-457d-42ed-8ed7-b93ecd93d39d,"[10, 11, 2, 3, 1, 14, 16, 17, 1, 15, 8, 6, 13, 4, 9, 5, 7, 12]"
10adccef-4978-464a-bc43-a9d9e623ef23,"[10, 11, 2, 3, 1, 14, 16, 17, 1, 15, 8, 6, 13, 4, 9, 22, 5, 7, 12]"
10ae1b7d-37d1-4250-9385-49105818d109,[20]
10e3ca9b-baa3-4ef4-86ad-e39acf7f744e,[20]
1131412b-4e0e-4d5c-8571-81c410c07bd7,"[10, 11, 2, 16, 17, 1, 3, 14, 15, 8, 6, 13, 4, 9, 7, 12, 5]"
1145a597-40d0-4cbc-a430-d7f75a194239,"[10, 11, 2, 3, 1, 14, 16, 17, 1, 15, 8, 6, 13, 4, 9, 7, 12, 5]"
11593415-a4ab-4b77-a943-d6117209fdc3,"[10, 11, 2, 3, 1, 14, 16, 17, 1, 15, 8, 6, 13, 4, 9, 7, 12, 5, 1]"
1161722e-f371-4573-bbb5-fb877da9b7d1,[20]
11760334-ac63-4cc8-9086-578422af8c99,"[10, 11, 2, 3, 1, 14, 16, 17, 1, 15, 8, 6, 13, 4, 9, 5, 7, 12]"
117fc7cc-4497-4be5-8ed8-6ef80fba9d3a,"[10, 11, 2, 3, 1, 14, 16, 17, 15, 8, 6, 13, 4, 9, 7, 5, 12]"
118a80fb-9b4c-45ed-a395-b05093e41481,"[10, 11, 2, 2, 2, 2, 3, 3, 3, 3, 1, 1, 1, 1, 28, 23, 1, 5, 5, 5, 5, 1, 1, 1, 1, 29, 13, 4, 25, 8, 22, 6, 4, 9, 27, 26, 7, 12, 1, 8, 6, 4, 9, 7]"
119ac098-b48b-4b19-b1ba-d289be3eb6fa,"[10, 11, 2, 3, 1, 14, 16, 17, 1, 15, 8, 6, 13, 4, 9, 7, 12, 5]"
119fcddb-41dc-4454-a750-08b4c18985ea,"[10, 11, 2, 16, 17, 1, 3, 15, 14, 8, 6, 13, 4, 9, 7, 12, 5]"
11dce008-75b2-46e0-b55f-34dae8d4e2ae,"[10, 11, 2, 3, 1, 14, 16, 17, 1, 15, 8, 6, 13, 4, 9, 7, 12, 5]"
11e5cc75-e753-4f20-9013-4f6c5eea7571,[20]
11e8dd0e-df7c-44bc-84ef-4604c28081e6,"[10, 11, 35, 13, 4, 42, 8, 6, 4, 9, 43, 7, 12]"
12264f45-178d-40c7-ba20-0be3dbcd33bb,"[10, 11, 2, 3, 1, 14, 16, 17, 15, 8, 6, 13, 4, 9, 7, 5, 12]"
124260d3-7a40-4d61-a797-2929c03d50e8,"[10, 11, 2, 3, 1, 14, 16, 17, 1, 15, 8, 6, 13, 4, 9, 5, 7, 12]"
127630f7-ced7-449e-bcc5-6de2603854d5,[20]
12c41d8a-d82d-4971-aa57-4a87ce9dc6dd,[20]
133b36ec-53dc-487c-bf0c-2e3a4420bca6,"[10, 11, 2, 3, 1, 14, 16, 17, 1, 15, 8, 6, 13, 4, 9, 7, 12, 5]"
139eac1c-461d-41fa-9020-7d860a200872,"[10, 11, 2, 3, 1, 14, 16, 17, 1, 15, 8, 6, 13, 4, 9, 7, 12, 5]"
13b3c414-7940-47f9-b93e-a8b16c570cb9,[20]
13cccba5-1ec0-47af-81e6-6efb250c2fce,"[10, 11, 2, 3, 1, 14, 16, 17, 1, 15, 8, 6, 13, 4, 9, 7, 12, 5]"
13d42213-a23f-454e-8a1e-799d8c46ce48,"[10, 11, 2, 16, 17, 1, 3, 15, 14, 8, 6, 13, 4, 9, 7, 12, 5]"
13eb3dc4-5452-4d38-81b8-25cb93dbc2be,[20]
13faaa70-ed08-4839-b964-8a3dad63a87e,[20]
141214f0-e7c2-4ebd-a8fc-2cb2513f02e5,[20]
142aeea3-797d-465d-9bae-8f32e2f9dcd1,"[207, 140, 140, 140]"
147d9377-0a37-4741-b0dc-7d4d0b461718,[20]
14928ba5-9639-44d4-b64b-619a37c98027,[20]
149d6dc3-f5be-4926-a560-1de646495015,"[10, 11, 2, 3, 1, 14, 16, 17, 1, 15, 8, 6, 13, 4, 9, 22, 7, 12, 5]"
149d72b7-5935-4795-aa08-c975033b7afd,"[10, 11, 2, 3, 1, 14, 16, 17, 1, 15, 8, 6, 13, 4, 9, 7, 12, 5]"
14a4adc5-d111-46ba-8aab-434fb0f940bf,"[10, 11, 2, 3, 1, 13, 4, 25, 8, 6, 4, 9, 27, 26, 7, 12, 5]"
14dd5b23-efa9-4642-8fd3-f380ecc2ca8e,"[10, 11, 2, 3, 1, 14, 16, 17, 1, 15, 8, 6, 13, 4, 9, 7, 12, 5]"
1522426f-d19a-4eb9-98d8-cab7b9854055,"[10, 11, 2, 3, 1, 14, 16, 17, 1, 15, 8, 6, 13, 4, 9, 7, 12, 5]"
15751aa8-7cd8-414c-b6c6-783d62c7df52,"[10, 11, 2, 16, 17, 1, 3, 14, 15, 8, 6, 13, 4, 9, 22, 7, 5, 12]"
1587aef5-0332-4437-a70f-76f6bc818e8e,"[10, 11, 2, 16, 17, 1, 3, 14, 15, 1, 8, 6, 13, 4, 9, 7, 12, 5]"
159f1b6e-710e-4a88-b8fa-5a292664db62,"[10, 11, 2, 3, 1, 14, 16, 17, 1, 15, 8, 6, 13, 4, 9, 5, 7, 12]"
15c7a84d-a571-4602-91ba-5e45e57ca871,[20]
15fa82d3-de2e-4eff-8488-a676bff4454b,[20]
1625935b-30a7-4838-8728-e9e995b82003,"[10, 11, 2, 3, 1, 14, 16, 17, 15, 1, 8, 6, 13, 4, 9, 7, 12, 5]"
163af576-5ada-4d48-b343-03c11c42bced,"[245, 131, 131, 131]"
1651951e-a8d2-4e48-85ba-683a8afb21a4,[20]
16998c2e-de9b-447b-aa31-ed0542d7a93f,"[10, 11, 2, 3, 1, 14, 16, 17, 15, 8, 6, 13, 4, 9, 7, 12, 5]"
170fed20-071b-496a-b299-f3d9938a4d27,[20]
1788af6d-d7c6-4037-9e50-0195be6c9bbf,"[10, 11, 2, 16, 17, 1, 3, 15, 14, 8, 6, 13, 4, 9, 7, 12, 5]"
17b0f69f-7d87-4fbd-86a4-b426911d8339,"[10, 11, 2, 3, 1, 14, 16, 17, 1, 15, 8, 6, 13, 4, 9, 5, 7, 12]"
17b14cce-28b0-4bdb-9487-feba842e1406,[20]
18027701-58cc-4bff-8b0f-afefbf093d3d,"[10, 11, 2, 16, 17, 1, 3, 15, 14, 8, 6, 13, 4, 9, 22, 7, 12, 5]"
1813c6d4-a30c-4674-ae51-15e6bbe9247d,"[10, 11, 2, 16, 17, 1, 3, 14, 15, 8, 6, 13, 4, 9, 7, 12, 5]"
18c1fed6-2921-4c1b-93a6-8b479e9ceeb6,"[10, 11, 2, 3, 1, 14, 16, 17, 1, 15, 8, 6, 13, 4, 9, 7, 12, 5]"
18c6f89b-4ad0-48e0-9771-c31ec769d8d7,"[10, 11, 2, 3, 1, 14, 16, 17, 1, 15, 8, 6, 13, 4, 9, 7, 12, 5]"
18daa0a9-adfa-4233-a63d-050a25060c2f,"[227, 101, 101, 101]"
190fabfd-ab8a-4f43-8615-879342eda3af,"[10, 11, 2, 3, 1, 14, 16, 17, 15, 8, 6, 13, 4, 9, 22, 7, 12, 5]"
1922840f-e590-489e-8160-af06a206f1dc,[20]
1927312e-fcd3-462c-a443-46a81cd5fa8a,"[10, 11, 2, 16, 17, 1, 3, 14, 15, 8, 6, 13, 4, 9, 7, 12, 5]"
1941e7f1-5117-47c7-ab85-7761cc03c35c,[20]
1949212e-1a62-45d6-a432-151efdf66d44,[20]
195ea438-2939-4aec-9993-d64fc259fecb,[20]
19685b9c-6f7a-40a4-b0b0-e52e69fbbe57,"[10, 11, 2, 3, 1, 14, 16, 17, 1, 15, 8, 6, 13, 4, 9, 7, 12, 5]"
196994d6-2f90-4bae-b04e-2f7b787d1bee,"[10, 11, 28, 2, 2, 2, 2, 3, 3, 3, 3, 1, 1, 1, 1, 23, 5, 5, 5, 5, 1, 1, 1, 1, 8, 6, 13, 4, 9, 34, 7, 12, 29, 4, 33, 8, 6, 4, 9, 7, 1]"
196e0278-05fd-45b2-9f06-010fee849003,"[10, 11, 2, 3, 1, 14, 16, 17, 15, 1, 8, 6, 13, 4, 9, 7, 12, 5]"
198af99e-8a7f-4ea8-a25a-897e0207bbb0,[20]
19959ee5-fea2-4fa2-ae32-691b61eaff26,"[10, 11, 2, 16, 17, 15, 3, 14, 8, 6, 13, 4, 9, 7, 45, 5, 12]"
19ba5e6a-3c80-4ad6-910b-05e2221de7e4,[20]
19d6f524-7d75-4bd1-adfe-b75d10338181,"[10, 11, 2, 3, 1, 14, 16, 17, 1, 15, 8, 6, 13, 4, 9, 7, 12, 5]"
1a12f616-e23f-40e2-b99e-5d3ad36afe89,"[10, 11, 2, 3, 1, 14, 16, 17, 1, 15, 8, 6, 13, 4, 9, 7, 5, 12]"
1a25b90a-f68f-415e-83e3-ad18a0a4c9b7,[20]
1a6a74fc-3bc7-403a-965e-b5c63e67fc9e,[20]
1acb2b1e-e7dc-4751-aa63-4f96a4d6359c,"[10, 11, 2, 3, 1, 14, 16, 17, 1, 15, 8, 6, 13, 4, 9, 5, 7, 12]"
1ad77405-2e75-4d18-8e93-f28a7695b5d6,[20]
1afd1093-27d5-4b80-af62-ceb969d323e0,[20]
1b3f1840-4fb6-4e12-861f-a635dc9c124c,"[10, 11, 2, 3, 1, 14, 16, 17, 1, 15, 8, 6, 13, 4, 9, 7, 12, 5]"
1b7fc5bf-c008-4e44-9946-902395a6e394,"[10, 11, 2, 3, 1, 14, 16, 17, 1, 15, 8, 6, 13, 4, 9, 7, 5, 12]"
1b9f0e6f-0c0c-4a3a-9416-016874a0bb62,"[10, 11, 2, 3, 1, 14, 16, 17, 1, 15, 8, 6, 13, 4, 9, 7, 12, 5]"
1bfa6538-b218-4366-9f6d-70dabafac6e2,[20]
1c0a146d-24ca-41cc-83be-07e323e33edb,[20]
1c940a01-69ac-4bee-ad82-6e03d767d096,[20]
1c993352-47cb-44bc-86b2-8808d960c128,"[10, 11, 2, 3, 1, 14, 16, 17, 1, 15, 8, 6, 13, 4, 9, 7, 12, 5]"
1cb66f78-7103-4e45-a2d7-e8c7e65f4ced,[20]
1cc4d3e8-2f10-448d-87cd-8fb3ddfbf31e,"[10, 11, 2, 3, 1, 14, 16, 17, 1, 15, 8, 6, 13, 4, 9, 7, 5, 12]"
1cc69d37-862c-4b78-909e-8f89cd6e4044,"[10, 11, 2, 16, 17, 1, 3, 15, 14, 1, 8, 6, 13, 4, 9, 7, 12, 5]"
1d0a70c3-bf36-40b1-86e8-00b782268ebb,"[10, 11, 2, 3, 1, 14, 16, 17, 1, 15, 8, 6, 13, 4, 9, 7, 12, 5]"
1d36cb8c-4bcf-4fd1-a930-8aa5bf9a5104,"[184, 56, 56, 56]"
1d38ce46-6767-4a83-a55d-66c78af8865a,"[10, 11, 2, 3, 1, 14, 16, 17, 1, 15, 8, 6, 13, 4, 9, 22, 7, 12, 5]"
1d72c130-72e4-4e7e-a724-0585a3f42a4a,[20]
1d89f56f-e3de-457e-a363-f5c646ca03c7,[20]
1d91cddc-331c-49d8-bcdd-1bfaf1c8a8aa,"[10, 11, 2, 3, 1, 14, 16, 17, 1, 15, 8, 6, 13, 4, 9, 7, 5, 12]"
1db6410d-7ce5-4a52-a7e8-7f3b59afb56f,[20]
1df81b30-5751-45dd-b814-d9c7e2ebb802,"[10, 11, 2, 3, 1, 14, 16, 17, 1, 15, 8, 6, 13, 4, 9, 7, 12, 5]"
1e4e2706-d6c4-4ffc-b835-2ae6e015d453,[20]
1e96982a-53a9-4587-bf37-f86afff05c13,"[10, 11, 2, 3, 1, 14, 16, 17, 1, 15, 8, 6, 13, 4, 9, 7, 5, 12]"
1ecba44e-d72a-47f6-aaa0-13d0693a6643,"[237, 108, 108, 108]"
1eda4660-b42c-47c4-9067-2224b975b172,"[10, 11, 2, 3, 1, 14, 16, 17, 15, 1, 8, 6, 13, 4, 9, 7, 12, 5]"
1ef01c5b-8722-44b6-8d77-d74759de75fd,[20]
1f31441a-7272-4dc8-9c5c-ba074c7e86fe,"[10, 11, 2, 3, 1, 14, 16, 17, 1, 15, 8, 6, 13, 4, 9, 7, 12, 5]"
1f3e9e1e-d352-4976-a2eb-83200eb86e2a,[20]
1fa33b1f-1fd4-43bf-9ecc-d7a43551d6da,"[282, 79, 79, 79]"
1fd9e5e7-c2ec-48dd-a16c-58f0cac74eff,"[10, 11, 48, 13, 4, 7, 12]"
1ffa0271-e48e-48a6-8a54-cda1f9dae658,"[10, 11, 2, 3, 1, 14, 16, 17, 1, 15, 8, 6, 13, 4, 9, 7, 12, 5]"
2002a5b7-2de0-41b4-89ca-9dc45015a722,"[215, 132, 132, 132]"
200cb608-1f7a-4063-b6c4-05eadfc5103b,[20]
204aaa28-39af-4e3c-b0ca-025e7db3617a,"[10, 11, 2, 3, 1, 14, 16, 17, 1, 15, 8, 6, 13, 4, 9, 7, 12, 5]"
2055923e-0fe8-4c00-9a3b-2a3d11c97010,[20]
20a0155a-b63c-4d7c-847a-8b5fb7f2a28f,"[10, 11, 2, 3, 1, 14, 16, 17, 15, 8, 6, 13, 4, 9, 22, 7, 5, 12]"
20b3d4ca-28e6-47e9-bb89-2964875b5e76,[20]
20c2ee51-d6ea-4eb4-8efc-15e76e71d298,"[10, 11, 2, 16, 17, 1, 3, 14, 15, 8, 6, 13, 4, 9, 7, 12, 5]"
20c3cab6-c101-4f85-9ed9-d40b85410842,[20]
2149fa4e-8f78-4d2f-bdc5-042be5bc8644,[20]
21782e27-2578-430e-be94-5b9ff7a54e19,"[10, 11, 2, 3, 1, 14, 16, 17, 15, 8, 6, 13, 4, 9, 7, 12, 5]"
21929a3c-d87a-4fb7-82a9-1eb943b4625b,"[10, 11, 2, 3, 1, 13, 4, 25, 8, 6, 4, 9, 27, 26, 7, 12, 5]"
21b64e18-59b0-485e-8b29-46ccbe08fb2b,"[10, 11, 2, 16, 17, 15, 3, 14, 8, 6, 13, 4, 36, 9, 5, 7, 12]"
21b9416b-4183-4de9-bd37-3b7e09937214,[20]
21d60e13-7d0c-4f60-9c7e-ae8be798307c,[20]
21e920fe-3ec9-4dcf-bdbc-7de145253275,"[10, 11, 2, 3, 1, 14, 16, 17, 1, 15, 8, 6, 13, 4, 9, 7, 12, 5]"
21f2ef5a-064a-4ce0-bc31-03cb374be834,"[10, 11, 2, 3, 1, 14, 16, 17, 15, 8, 6, 13, 4, 9, 7, 12, 5]"
21f623ad-17ae-4cd4-af1a-c08f802ae521,"[10, 11, 2, 2, 2, 2, 3, 3, 3, 3, 1, 1, 1, 1, 28, 23, 5, 5, 5, 5, 1, 1, 1, 1, 1, 1, 29, 13, 4, 25, 8, 6, 4, 9, 22, 27, 26, 7, 12, 8, 6, 4, 9, 7]"
222ade28-5625-4a62-9175-5df4fcb95cb2,"[10, 11, 2, 16, 17, 1, 3, 14, 15, 8, 6, 13, 4, 9, 7, 12, 5]"
22549d90-0d9d-47ab-b55b-adbd59c3fc38,[20]
22815693-79ac-4f40-92f6-b2e1009592a4,"[10, 11, 2, 3, 1, 14, 16, 17, 1, 15, 8, 6, 13, 4, 9, 7, 12, 5]"
22a343e7-535d-4601-8d2b-b9478d10f851,"[10, 11, 2, 2, 2, 2, 3, 3, 3, 3, 1, 1, 1, 1, 28, 23, 5, 5, 5, 5, 1, 1, 1, 1, 8, 6, 13, 4, 9, 34, 7, 12, 29, 4, 33, 8, 6, 4, 9, 7]"
22ac7684-757e-4f83-96aa-0c59a786104c,[20]
22bf5b88-ec64-4b4f-b9c7-f9d1731d0f50,[20]
22d25150-20cb-463d-89f3-03cc0418a7b0,"[10, 11, 2, 3, 1, 14, 16, 17, 1, 15, 8, 6, 13, 4, 9, 7, 12, 5]"
22d2f382-e2a5-41fb-aa33-a2dce529da20,"[10, 11, 2, 16, 17, 1, 3, 14, 15, 8, 6, 13, 4, 9, 22, 7, 12, 5]"
231100d1-482a-4ea0-ab0a-24396d160b7d,[20]
239e1d7f-f0c0-40ef-ba07-a1df9f0cd7bc,"[10, 11, 2, 3, 1, 14, 16, 17, 15, 8, 6, 13, 4, 9, 7, 12, 5]"
23e257ae-5eec-4ab5-aa3c-2be65f7cae02,"[10, 11, 2, 16, 17, 1, 3, 15, 14, 8, 6, 13, 4, 9, 7, 12, 5]"
23f47599-1b16-432a-af9b-c13538eafe36,"[10, 11, 2, 3, 1, 14, 16, 17, 1, 15, 8, 6, 13, 4, 9, 7, 12, 5]"
241062d7-5a65-4b30-90a1-79385a3d50f0,"[10, 11, 2, 3, 1, 14, 16, 17, 1, 15, 8, 6, 13, 4, 9, 7, 5, 12]"
24130709-2f1f-4004-bf0e-c68ae774b363,"[10, 11, 2, 3, 1, 14, 16, 17, 1, 15, 8, 6, 13, 4, 9, 7, 12, 5]"
243ce8a6-9307-457d-a88a-8e050ea4fa9e,[20]
2445cac0-a627-4d2b-bf7b-227ed79a8672,"[10, 11, 2, 16, 17, 15, 3, 14, 8, 6, 13, 4, 9, 5, 7, 12]"
244db2cc-c435-494f-bd4d-6140c8405f80,"[10, 11, 2, 3, 1, 13, 4, 25, 8, 6, 4, 9, 27, 26, 7, 12, 5]"
24528839-511e-4067-8ab6-0cde340c9efc,"[10, 11, 2, 3, 1, 13, 4, 25, 8, 6, 4, 9, 27, 26, 7, 12, 5]"
245be5f1-fe3b-4428-bd75-26cd64bc39c0,"[10, 11, 2, 3, 1, 14, 16, 17, 1, 15, 8, 6, 13, 4, 9, 7, 12, 5]"
245d8db1-9e33-49f3-bab2-e32a0a9d00f0,"[240, 143, 143, 143]"
24600714-beb7-4ad8-90f2-1364043a133e,[20]
24679415-fcbc-4ee0-9e91-108392aeb41f,[20]
246f7a15-d7ae-45b1-b429-26da2afe7f5d,[20]
24776e5d-8edd-4bb1-9a92-497b0af00b5f,"[10, 11, 2, 3, 1, 14, 16, 17, 15, 1, 8, 6, 13, 4, 9, 7, 12, 5]"
248f90c2-44c5-465e-bfd4-61925d41f6b4,[20]
24aabe75-7fcd-4b72-8476-0ab0ea63e339,[20]
24e45ac1-690a-4622-92ba-f67e6bd3f29a,[20]
25072a2f-ab60-4da8-b36f-0db7f7685de3,"[10, 11, 2, 2, 2, 2, 3, 3, 3, 3, 28, 1, 1, 1, 1, 23, 5, 5, 5, 5, 1, 1, 1, 1, 8, 6, 13, 4, 9, 34, 7, 12, 29, 4, 33, 8, 6, 4, 9, 7]"
2507bb97-441c-46f1-9149-5a3b28dd7794,"[10, 11, 2, 3, 1, 14, 16, 17, 15, 8, 6, 13, 4, 9, 7, 12, 5]"
250e5769-a34a-4c2d-b106-54ccab5a4769,"[10, 11, 2, 16, 17, 1, 3, 15, 14, 8, 6, 13, 4, 9, 7, 12, 5]"
251a3e50-a3ac-4986-a1d7-aff138a314df,[20]
25a3e0c1-861f-438c-89a5-4be7715d1331,[20]
25f46a65-83a0-4772-bdbe-b4b66372e798,"[10, 11, 2, 16, 17, 1, 3, 15, 14, 8, 6, 13, 4, 9, 22, 7, 12, 5]"
262258ad-9942-47bb-86c2-a06f46a66c30,"[10, 11, 2, 3, 1, 14, 16, 17, 1, 15, 8, 6, 13, 4, 9, 7, 12, 5]"
2624973e-c2eb-44dd-b80c-ba862d08c945,[20]
26597751-9746-450c-8122-bc03e80fe8cf,"[10, 11, 2, 3, 1, 13, 4, 25, 8, 6, 4, 9, 27, 26, 7, 12, 5]"
265d743f-8775-4a92-a892-9cbc854e0c54,"[247, 112, 112, 112]"
267ed6f8-d9c9-4f7d-bb88-152d17cce661,"[10, 11, 2, 3, 1, 14, 16, 17, 1, 15, 8, 6, 13, 4, 9, 7, 12, 5]"
269c2e5c-24aa-4d93-a9c1-c309902ef963,"[10, 11, 2, 3, 1, 14, 16, 17, 1, 15, 8, 6, 13, 4, 9, 7, 12, 5]"
26d33d52-fb9f-4e4a-b943-c2ece3dd4687,"[10, 11, 2, 3, 1, 14, 16, 17, 1, 15, 8, 6, 13, 4, 9, 7, 12, 5]"
26fa461c-54bc-4aaf-a0c1-9dcdbc13d7a9,"[10, 11, 28, 2, 2, 2, 2, 3, 3, 3, 3, 1, 1, 1, 1, 23, 5, 5, 5, 5, 1, 1, 1, 1, 8, 6, 13, 4, 9, 7, 34, 12, 29, 4, 33, 8, 6, 4, 9, 7]"
26fadf2c-ddfd-4638-b0e1-fc7f4097d2a5,"[10, 11, 2, 16, 17, 1, 3, 14, 15, 8, 6, 13, 4, 9, 22, 7, 12, 5]"
270906fa-9121-4d5a-a0c6-02e4222d9284,[20]
2737af21-15b7-4349-8cfb-b313777b95c3,"[10, 11, 2, 16, 17, 1, 3, 14, 15, 8, 6, 13, 4, 9, 7, 5, 12]"
275e9d9d-f6d8-40e2-8a25-84e2b718e62a,[20]
276954b3-1aab-4a31-929e-585d001a7e31,[20]
277e072e-07e0-4e86-953f-e2ac9095f62e,"[10, 11, 35, 13, 4, 8, 6, 4, 9, 7, 12]"
27a53d09-2194-42ac-a9d6-ade997a4bd08,"[10, 11, 2, 16, 17, 1, 3, 15, 14, 8, 6, 13, 4, 9, 7, 12, 5]"
27f16390-904d-40e2-937e-179aa4d91c57,"[10, 11, 2, 3, 1, 14, 16, 17, 1, 15, 1, 8, 6, 13, 4, 9, 7, 12, 5]"
27fdf96f-82d3-4ec7-a84e-401d147b8c94,"[10, 11, 2, 3, 1, 13, 4, 25, 8, 6, 4, 9, 27, 26, 7, 12, 5]"
27fea4a1-bc9e-421c-aaeb-123a0c4ba60a,"[8, 6, 13, 4, 9, 168, 7, 12, 5, 5]"
28089b9a-9010-4c56-bd20-9487b4ec1f8f,"[10, 11, 2, 3, 16, 17, 14, 15, 1, 8, 6, 13, 4, 9, 7, 5, 12]"
283ab758-62e4-4263-a12c-5f8cb8df727d,"[10, 11, 2, 3, 1, 14, 16, 17, 1, 15, 8, 6, 13, 4, 9, 7, 12, 5]"
285db649-e0a5-4600-8c9f-7db9a7a43440,"[10, 11, 28, 2, 2, 2, 2, 3, 3, 3, 3, 1, 1, 1, 1, 23, 5, 5, 5, 5, 1, 1, 1, 1, 8, 6, 13, 4, 9, 7, 12, 29, 4, 33, 8, 6, 4, 9, 7]"
28916392-066f-4017-a0ba-ab894b840475,"[10, 11, 2, 16, 17, 1, 3, 15, 14, 8, 6, 13, 4, 9, 7, 12, 5]"
28a5baa8-7890-4027-9ec4-04907ebccf16,"[10, 11, 2, 3, 1, 14, 16, 17, 1, 15, 8, 6, 13, 4, 9, 7, 12, 5]"
28ca644f-fa24-4199-9ecb-8ff2c27122ab,"[10, 11, 2, 3, 1, 14, 16, 17, 1, 15, 8, 6, 13, 4, 9, 7, 12, 5]"
28cab2f1-18e8-44e0-a1e4-77637a85bd13,[20]
28e28a08-8b63-490d-98d4-2989d3ad9033,"[10, 11, 2, 16, 17, 15, 3, 14, 8, 6, 13, 4, 9, 5, 7, 12]"
2984c715-9553-4976-9b6e-c616cbaf2805,"[10, 11, 2, 2, 16, 17, 1, 3, 1, 3, 15, 14, 14, 23, 5, 5, 32, 32, 31, 31, 38, 6, 38, 6, 8, 6, 13, 4, 9, 34, 7, 12]"
29ab7660-4124-495c-ba22-890fa91b6fe1,"[10, 11, 2, 16, 17, 1, 3, 15, 14, 8, 6, 13, 4, 9, 7, 12, 5]"
29af65eb-5e38-4158-9a81-8174e8220384,"[10, 11, 28, 2, 2, 2, 2, 3, 3, 3, 3, 1, 1, 1, 1, 23, 5, 5, 5, 5, 1, 1, 1, 1, 8, 6, 13, 4, 9, 34, 7, 12, 29, 4, 33, 8, 6, 4, 9, 7, 1]"
29efb915-0793-40fd-8e1a-eedfe665a7a9,[20]
2a0bd1eb-31ef-4574-b3ac-b72512b57ccd,"[10, 11, 2, 2, 3, 3, 5, 5, 1, 1, 8, 6, 13, 4, 9, 34, 7, 12]"
2a2b8b72-4c4e-4da7-8039-95356046373e,"[10, 11, 2, 3, 1, 14, 16, 17, 1, 15, 8, 6, 13, 4, 9, 7, 12, 5]"
2a44dfdc-5ded-4a8f-b009-fc896efa70bf,"[10, 11, 2, 16, 17, 1, 3, 15, 14, 8, 6, 13, 4, 9, 7, 12, 5]"
2a6b098b-ce15-414e-b74c-5111869f076a,[20]
2a7d9b4c-5d8b-4bd7-97d5-5def0ba20343,"[10, 11, 2, 16, 17, 1, 3, 15, 1, 14, 8, 6, 13, 4, 9, 7, 12, 5]"
2a89fdd9-afda-4f4e-a653-3a7322fd43a6,"[10, 11, 2, 3, 1, 14, 16, 17, 15, 8, 6, 13, 4, 9, 7, 12, 5]"
2a9c7181-028e-4ac1-bc39-4f6691999b63,[20]
2aec1a23-4725-48c5-8c8d-f112243b6688,[20]
2b3c87b5-9095-4320-b90d-0c55bc1ffc1f,"[10, 11, 2, 3, 1, 14, 16, 17, 1, 15]"
2b50d5c2-8294-43fd-a98d-67c22a5b6b77,"[10, 11, 2, 3, 1, 14, 16, 17, 1, 15, 8, 6, 13, 4, 9, 7, 12, 5]"
2b85d914-5fde-4311-acd8-4afcbcb417f7,[20]
2b99ef9e-657b-4f88-9df5-8638baa2ee74,[20]
2bac38d0-8233-4bd3-95e3-71fc2155d7a9,"[10, 11, 2, 3, 1, 14, 16, 17, 1, 15, 8, 6, 13, 4, 9, 7, 5, 12]"
2bcfff48-f888-4aa3-9a0e-a7c986cd2e44,"[10, 11, 2, 16, 17, 1, 3, 14, 15, 8, 6, 13, 4, 9, 7, 12, 5]"
2c0d9b76-8d4a-4754-8e7f-32721ff6d63e,"[10, 11, 2, 3, 1, 14, 16, 17, 15, 8, 6, 13, 4, 9, 7, 12, 5]"
2c1b303c-7793-4504-90cb-bc393869fed9,"[10, 11, 2, 2, 2, 2, 16, 17, 1, 3, 1, 3, 1, 3, 3, 14, 14, 15, 14, 14, 23, 5, 5, 5, 5, 32, 32, 32, 32, 31, 31, 31, 31, 39, 39, 38, 6, 38, 6, 8, 6, 13, 4, 9, 7, 34, 12]"
2c8400e6-c515-4fee-9044-78857c954e8e,"[10, 11, 2, 3, 1, 14, 16, 17, 1, 15, 8, 6, 13, 4, 9, 7, 12, 5]"
2cb9802d-741e-41da-a954-d4dec538dc6f,[20]
2cda7429-4369-49df-9c8e-e1eedc367fd9,"[10, 11, 2, 16, 17, 15, 1, 3, 14, 8, 6, 13, 4, 9, 7, 12, 5]"
2ce9207c-bb9c-4307-b43d-0f7e5913ec83,[20]
2cf2ec47-16f8-4afa-8556-2f0c386b728e,"[10, 11, 2, 16, 17, 1, 3, 14, 15, 8, 6, 13, 4, 9, 7, 12, 5]"
2cfb1c1b-91cf-4bbf-b574-0667f82461c3,"[10, 11, 2, 16, 17, 15, 3, 14, 8, 6, 13, 4, 9, 7, 12, 5]"
2d25ad1c-8576-4953-8c7a-bdfaf0ef1675,[144]
2d323a85-03b3-4edf-b1aa-9f9af75d6ce4,[20]
2d823cb7-5fe2-4b02-aa07-4afb6b9520df,[20]
2d914033-e958-44d4-ad94-a008d626d96c,[20]
2de29bd6-5ae6-4ff9-a0b9-80621fcc83db,"[10, 11, 2, 3, 1, 13, 4, 25, 8, 6, 4, 9, 27, 26, 7, 12, 5]"
2e0f047e-8d2f-4166-a950-ecf24c8743a7,"[10, 11, 2, 3, 1, 14, 16, 17, 1, 15, 8, 6, 13, 4, 9, 7, 12, 5]"
2e175973-d3be-4b31-8ab9-241aa8d10525,[20]
2e5a9afb-1463-4c52-bc14-82b1b95b4aae,"[10, 11, 2, 16, 17, 1, 3, 15, 14, 8, 6, 13, 4, 9, 22, 7, 12, 5]"
2e5c6a02-c9b7-4951-a8f1-887390ced7c8,"[192, 128, 128, 128]"
2ec1b0c5-bc99-42b2-86ea-b006b6977510,"[10, 11, 2, 3, 1, 14, 16, 17, 15, 1, 8, 6, 13, 4, 9, 7, 12, 5]"
2eef2efe-0cf9-499c-87de-edf080fc2003,"[10, 11, 2, 3, 1, 14, 16, 17, 1, 15, 8, 6, 13, 4, 9, 7, 12, 5]"
2ef64a04-3af7-4188-8115-5dd639d33485,"[10, 11, 2, 3, 1, 14, 16, 17, 1, 15, 8, 6, 13, 4, 9, 7, 12, 5]"
2f093863-6416-4d09-ac00-7ea45d932d36,"[10, 11, 2, 3, 16, 17, 14, 15, 8, 6, 13, 4, 9, 7, 12, 5]"
2f1d79e1-717e-4eb2-a3c7-33eeead6d825,[20]
2f30253c-4fa6-46c1-a6f6-154ea91d0c43,[20]
2f72aca3-f803-43d0-bd91-39183e3a46e2,"[10, 11, 2, 2, 2, 2, 3, 3, 3, 3, 1, 1, 1, 1, 28, 23, 5, 5, 5, 5, 1, 1, 1, 1, 1, 29, 13, 4, 25, 8, 6, 4, 9, 27, 26, 7, 12, 8, 6, 4, 9, 7]"
2f90e5a5-d289-48d0-932d-58b3c9ea5f8e,"[10, 11, 2, 3, 1, 14, 16, 17, 1, 15, 8, 6, 13, 4, 9, 7, 12, 5, 1]"
2fd783f3-1676-47ae-b4d1-9d2a7519d288,[20]
2fec8750-f8de-48f2-992a-61dce4a73bef,[20]
2ff187f6-50b4-4290-9995-e17b9558f7a2,"[10, 11, 2, 3, 1, 14, 16, 17, 1, 15, 8, 6, 13, 4, 9, 7, 12, 5]"
2ffc898c-fddb-412c-a57c-324afb42f994,"[10, 11, 2, 3, 1, 14, 16, 17, 15, 8, 6, 13, 4, 9, 7, 12, 5]"
3017e26c-467e-491b-9591-453d881c14ef,[20]
3042d726-682f-4dd9-bf4c-5374ac70af0b,"[10, 11, 2, 16, 17, 15, 3, 14, 8, 6, 13, 4, 9, 7, 12, 5]"
30557849-2dd3-421f-8e74-6b6a3645d2cf,[20]
309a203c-f1db-4bbe-9850-9aac4f28d4c6,"[10, 11, 2, 3, 14, 16, 17, 1, 15, 8, 6, 13, 4, 9, 7, 12, 1, 5]"
30a23bca-93ef-481a-b377-0d6a9093ed3a,"[10, 11, 2, 16, 17, 1, 3, 15, 14, 8, 6, 13, 4, 9, 7, 12, 5]"
30d11439-6705-41bd-9d14-7de0cc688278,[20]
30ea39d0-5623-495b-9290-5055d2834b4b,"[10, 11, 2, 3, 1, 14, 16, 17, 15, 1, 8, 6, 13, 4, 9, 7, 12, 5]"
30fccdc4-a449-47f4-b769-0aa8e7a52079,"[10, 11, 2, 3, 1, 13, 4, 25, 8, 6, 4, 9, 27, 26, 7, 12, 5]"
31023409-72f7-4cf8-928b-7f7828d9d5d1,"[10, 11, 2, 3, 1, 14, 16, 17, 1, 15, 8, 6, 13, 4, 9, 7, 12, 5]"
3111c3f6-64d8-42b6-bf54-3c9a5b0cf951,[20]
311704f0-b22f-45c7-acbe-5819dc9c9a1e,"[10, 11, 2, 16, 17, 1, 3, 14, 1, 15, 8, 6, 13, 4, 9, 7, 12, 5]"
3118a1d1-839c-4974-9eac-312bb20814d2,"[10, 11, 2, 3, 1, 14, 16, 17, 1, 15, 8, 6, 13, 4, 9, 7, 5, 12]"
31190fc7-4c3a-411c-bfc7-51b97bed4da3,"[10, 11, 2, 3, 1, 14, 16, 17, 1, 15, 8, 6, 13, 4, 9, 7, 12, 5]"
313a404c-ac28-4f40-8ce7-ad55105f4f68,"[10, 11, 2, 3, 1, 14, 16, 17, 1, 15, 8, 6, 13, 4, 9, 7, 12, 5]"
314d2beb-d217-4533-be08-d49662eb21c1,"[10, 11, 2, 3, 1, 14, 16, 17, 1, 15, 1, 8, 6, 13, 4, 9, 7, 12, 5]"
316efd26-49e9-4da1-9489-d3ebd3bfc5cf,"[10, 11, 2, 3, 1, 14, 16, 17, 15, 8, 6, 13, 4, 9, 7, 12, 5]"
318c553c-4222-4588-9fd3-7b47d0084f6f,[20]
318f4736-642f-437f-900d-3b97682ded4d,"[10, 11, 2, 3, 14, 16, 17, 1, 15, 8, 6, 13, 4, 9, 7, 12, 5]"
31c158fb-972b-4bb9-aa43-2c5361607e89,"[10, 11, 2, 3, 1, 14, 16, 17, 1, 15, 1, 8, 6, 13, 4, 9, 22, 5, 7, 12]"
31ddaab0-b20b-4d25-9b38-c1c8c83a3869,"[10, 11, 2, 3, 16, 17, 1, 14, 1, 15, 8, 6, 13, 4, 9, 7, 12, 5]"
323e4c0b-0b57-40e2-844b-a7a3a321f889,"[10, 11, 2, 16, 17, 15, 1, 3, 14, 8, 6, 13, 4, 9, 7, 12, 5]"
3272f797-ea47-43af-b267-e99b5e5eefb1,"[299, 81, 81, 81]"
327dc05a-1486-480f-bcfa-2d870b7eb1e6,"[10, 11, 2, 16, 17, 1, 3, 15, 14, 8, 6, 13, 4, 9, 7, 12, 5]"
32801cee-2d2d-4773-9faf-d29f16b7bc12,[20]
329259b6-9641-4b44-9a71-fc8e9ac744b8,"[10, 11, 2, 3, 1, 14, 16, 17, 1, 15, 8, 6, 13, 4, 9, 7, 12, 5]"
3295fc3a-e245-4de2-af5a-b9c7c7ea84f0,"[10, 11, 2, 3, 16, 17, 14, 15, 8, 6, 13, 4, 9, 7, 12, 5]"
32abf6f2-fae4-41ee-85eb-927c1386ebb4,"[10, 11, 2, 16, 17, 15, 3, 1, 14, 8, 5, 6, 13, 4, 1, 9, 7, 12]"
32adb512-9f57-465e-bafa-936ec3726bed,"[316, 60, 60, 60]"
32f4b92e-8168-4e03-a0b4-aecb62232689,"[10, 11, 2, 16, 17, 1, 3, 15, 14, 8, 6, 13, 4, 9, 7, 12, 5]"
33070c75-c60d-4f7a-bdc8-b108543bfd0e,"[10, 11, 2, 3, 1, 14, 16, 17, 1, 15, 8, 6, 13, 4, 9, 7, 12, 5]"
331d0772-ac2f-46c7-bb77-90f00e531636,[20]
33404571-0589-4cd3-8244-ffac3b973b26,[20]
3343001f-bcda-461a-9908-f0beb214e02f,"[10, 11, 2, 16, 17, 1, 3, 15, 14, 8, 6, 13, 4, 9, 7, 12, 5]"
334304d2-2edb-4b69-86c9-d88291017019,[20]
335b1e14-3a16-4380-9951-b3a34eeedb29,"[10, 11, 2, 3, 1, 14, 16, 17, 1, 15, 8, 6, 13, 4, 9, 7, 12, 5]"
33cb5f95-bfc4-4a72-bd72-9a0bc2c2ab38,"[10, 11, 2, 3, 1, 14, 16, 17, 1, 15, 1, 8, 6, 13, 4, 9, 7, 12, 5]"
33d1d98d-6bd6-483f-95fa-a62365788b3b,"[10, 11, 28, 2, 2, 2, 2, 3, 3, 3, 3, 1, 1, 1, 1, 23, 5, 5, 5, 5, 1, 1, 1, 1, 8, 6, 13, 4, 9, 34, 7, 12, 29, 4, 33, 8, 6, 4, 9, 7, 1]"
33f115cf-3716-46f9-95f6-97971e889ea5,"[10, 11, 2, 3, 1, 14, 16, 17, 1, 15, 8, 6, 13, 4, 9, 7, 12, 5]"
33f26004-dbee-49df-abf7-2c20ac7aefa5,"[10, 11, 2, 3, 1, 14, 16, 17, 1, 15, 1, 8, 6, 13, 4, 9, 22, 7, 5, 12]"
3408b65b-0e57-40fa-9601-e1ccfbd55078,"[10, 11, 2, 16, 17, 1, 3, 14, 15, 8, 6, 13, 4, 9, 7, 12, 5]"
34140113-b6c8-441c-8c7b-5cbf0634e638,"[10, 11, 2, 2, 2, 2, 3, 3, 3, 3, 1, 1, 1, 28, 1, 23, 5, 5, 5, 5, 1, 1, 1, 1, 8, 6, 13, 4, 9, 34, 7, 12, 29, 4, 33, 8, 6, 4, 9, 7, 1]"
34551129-a0dc-4ada-8379-d4e423f244bb,[20]
34690104-d5a5-450b-a066-12a0933bed58,"[10, 11, 2, 16, 17, 1, 3, 14, 15, 8, 6, 13, 4, 9, 7, 12, 5]"
3499f8db-1dc7-418f-a70b-3314ae4318b1,"[10, 11, 2, 3, 1, 14, 16, 17, 15, 1, 8, 6, 13, 4, 9, 7, 5, 12]"
349e24ae-3433-429d-8ac1-da6499e588ef,[20]
34d760d3-46df-4adf-824a-6ae3367ff1ca,[20]
34f7da1a-1b9e-4aa4-9e0b-a80cbca4313d,"[10, 11, 2, 16, 17, 1, 3, 15, 14, 8, 6, 13, 4, 9, 7, 12, 5]"
352f0706-4b9b-4e47-b1ba-ccb78e996715,[20]
3533a7f2-8de4-49fc-ae6c-8eea69140150,[20]
359cf046-3a54-4945-8daf-13cfbee503ee,[20]
35b14784-8157-4ec7-8b8e-73acb8f907f8,[20]
35ca360f-2270-43ad-8a21-823c5d074473,"[270, 95, 95, 95]"
365e40b2-36a7-4182-aa89-61013bd9d117,[20]
36992878-67e6-4939-9c98-bf5fa36be875,[20]
36a15987-023c-4f00-beb6-0090a70b6be3,"[10, 11, 2, 16, 17, 1, 3, 14, 15, 8, 6, 13, 4, 9, 7, 12, 5]"
36a846d7-196e-4659-880d-cc54bf0e852d,"[10, 11, 2, 3, 1, 14, 16, 17, 1, 15, 8, 6, 13, 4, 9, 7, 12, 5]"
36b1cbe3-629a-4b82-9df1-d899610a8abe,"[10, 11, 2, 3, 1, 14, 16, 17, 1, 15, 8, 6, 13, 4, 9, 7, 12, 5]"
36c1ab68-8716-4479-a84c-9fc72574e6d8,"[10, 11, 2, 16, 17, 15, 3, 14, 8, 6, 13, 4, 9, 7, 12, 5]"
36e8138c-95a0-42d5-bc5f-5ebce4400db3,"[219, 165, 165]"
36fbd29d-3878-4794-8658-edd814980814,"[10, 11, 2, 16, 17, 1, 3, 14, 15, 8, 6, 13, 4, 9, 7, 5, 12]"
3724a4b2-71ba-4eea-a43c-29f554676c00,[20]
372eea94-9868-4dda-bd30-75396e95984e,[20]
37ec33b9-eb3d-4f70-a7ba-5aaee34150d5,[20]
37f5445b-3da1-4975-9d4f-cd5ca6641570,"[10, 11, 2, 3, 1, 16, 17, 14, 1, 15, 8, 6, 13, 4, 9, 7, 12, 5]"
3830ec49-72c3-41b8-b01a-ab4037c2ac2d,"[285, 80, 80, 80]"
38776b7d-3de8-4937-bd04-3e972e671ef0,[20]
388857d8-5dec-43a8-9a34-ed1205f54feb,[20]
38c89c34-94d6-415d-a684-5245032294a8,"[10, 11, 2, 16, 17, 1, 3, 14, 15, 8, 6, 13, 4, 9, 5, 7, 12]"
38e9e3d3-5e46-4b66-86c9-0da260e6dac8,"[10, 11, 2, 3, 1, 14, 16, 17, 1, 15, 8, 6, 13, 4, 9, 7, 12, 5]"
38ede047-eab9-4ed0-979b-d9f2f167e627,[20]
391db3be-f3c1-4662-9b84-0dc4e0453a97,[20]
399c9cbe-2320-4d0f-bcfd-bfb7c3fb53fa,"[10, 11, 2, 3, 1, 14, 16, 17, 1, 15, 8, 6, 13, 4, 9, 7, 12, 5]"
39c78d2c-0583-42d0-8056-a4816f0038c4,[20]
39d4bf0d-ca2f-4ad7-a02c-d6700bcc3b0b,[20]
39e87bed-98db-417d-bf22-053ab563e1a6,"[10, 11, 2, 16, 17, 1, 3, 15, 14, 8, 6, 13, 4, 9, 7, 12, 5]"
39eab3bf-89df-49ae-9f5d-1dee594df851,[20]
39f95a43-c3d3-4315-8b87-144be134fb7c,"[10, 11, 2, 3, 1, 16, 17, 14, 1, 15, 8, 6, 13, 4, 9, 7, 5, 12]"
39fd1aec-643c-432b-ad98-01257887b675,"[10, 11, 2, 16, 17, 1, 3, 14, 15, 8, 6, 13, 4, 9, 22, 5, 7, 12]"
39ff6bcf-7fc2-4ef2-a965-4fda2f1868a7,"[10, 11, 2, 3, 1, 14, 16, 17, 1, 15, 8, 6, 13, 4, 9, 7, 12, 5]"
3a083d69-691b-43e6-9bbb-07d8a635722f,"[10, 11, 2, 3, 1, 14, 16, 17, 1, 15, 8, 6, 13, 4, 9, 7, 12, 5]"
3a1ac31e-bbf1-489e-b5bd-e61535a3ec12,[20]
3a550bfb-2808-425c-9e29-175bacf7004f,"[10, 11, 2, 3, 1, 14, 16, 17, 15, 8, 6, 13, 4, 9, 7, 12, 5]"
3a88c928-9b70-4050-af50-b7ea373f6bf4,[20]
3a9b0f64-2261-4c9e-85ed-a465ab727de1,"[10, 11, 2, 16, 17, 1, 3, 15, 14, 8, 6, 13, 4, 9, 7, 12, 5]"
3aa33a24-e8ff-4d23-bb3b-500251e2d25a,[20]
3ab1190b-1503-4deb-a03c-53b63f859594,"[10, 11, 2, 3, 1, 14, 16, 17, 1, 15, 8, 6, 13, 4, 9, 7, 12, 5]"
3ae436e6-db9c-4461-90b9-dbd21500e996,"[10, 11, 2, 16, 17, 1, 3, 15, 14, 8, 6, 13, 4, 9, 7, 12, 5]"
3b0b9cb7-536d-42ba-8695-868c5b06e92d,"[10, 11, 2, 3, 1, 14, 16, 17, 15]"
3b0eeb90-40aa-4ce5-8c4d-357b5b367553,"[10, 11, 2, 16, 17, 1, 3, 14, 1, 15, 8, 6, 13, 4, 9, 7, 12, 5]"
3b166f58-38dc-45d2-9465-f3d2026fad92,"[10, 11, 2, 3, 1, 14, 16, 17, 15, 8, 6, 13, 4, 9, 7, 12, 5]"
3b324204-7bde-4c13-b751-5a43d40a636c,"[10, 11, 2, 3, 1, 14, 16, 17, 1, 15, 8, 6, 13, 4, 9, 7, 12, 5]"
3b60f89a-d1e9-46d5-a3ee-e81cbaf46a11,"[10, 11, 2, 3, 1, 14, 16, 17, 15, 8, 6, 13, 4, 9, 7, 12, 5]"
3b74e187-b00f-41f7-b911-d8bd384266bf,"[10, 11, 2, 3, 1, 14, 16, 17, 15, 8, 6, 13, 4, 9, 7, 12, 5]"
3b7be465-a2f3-439a-bc87-db0d8877af61,"[10, 11, 2, 16, 17, 1, 3, 14, 15, 8, 6, 13, 4, 9, 7, 12, 5]"
3b8abf8a-c7de-4bef-9dc0-6f4bde8569af,"[10, 11, 2, 3, 1, 14, 16, 17, 1, 15, 8, 6, 13, 4, 9, 7, 12, 5]"
3ba915a0-33bc-495c-8c47-e253da101eae,"[10, 11, 2, 3, 1, 14, 16, 17, 1, 15, 8, 6, 13, 4, 9, 7, 12, 5]"
3bca3a1d-f183-4617-be0e-f0fdaa7c4985,"[10, 11, 48, 13, 4, 8, 6, 4, 9, 7, 12]"
3c097085-e2cc-452f-8bcb-efe3ae23f844,"[10, 11, 2, 3, 1, 14, 16, 17, 1, 15, 1, 8, 6, 13, 4, 9, 7, 12, 5]"
3c1b6c72-1c33-4b17-8555-2a429d342396,"[10, 11, 2, 3, 1, 14, 16, 17, 1, 15, 8, 6, 13, 4, 9, 7, 12, 5]"
3c1eeddc-18ec-44f6-8789-fbf475d9d2af,"[10, 11, 2, 16, 17, 1, 3, 14, 15, 8, 6, 13, 4, 9, 7, 12, 5]"
3c566166-0b50-41ec-8a16-926bbc9a6139,"[10, 11, 2, 16, 17, 1, 3, 15, 14, 8, 6, 13, 4, 9, 7, 12, 5]"
3c7ea3ae-77da-4764-96ee-ab6b12604474,"[10, 11, 2, 16, 17, 1, 3, 14, 15, 8, 6, 13, 4, 9, 7, 12, 5]"
3cc8c1f4-6ba7-466b-b212-a8a9aeb6c93e,"[317, 61, 61, 61]"
3cee6493-cd66-4707-b939-b235204af2d8,"[10, 11, 2, 2, 2, 2, 3, 3, 3, 3, 1, 1, 1, 1, 28, 23, 1, 5, 5, 5, 5, 1, 1, 1, 1, 8, 6, 13, 4, 9, 7, 34, 12, 29, 4, 33, 8, 6, 4, 9, 7]"
3d2467f1-e17c-4d23-ac5b-a397ff9a3419,"[10, 11, 2, 2, 2, 2, 3, 3, 3, 3, 1, 1, 1, 1, 28, 23, 5, 5, 5, 5, 1, 1, 1, 1, 1, 1, 8, 6, 13, 4, 9, 7, 12, 29, 4, 33, 8, 6, 4, 9, 7]"
3d4e7567-13df-4c31-b512-90f47ba2022a,[20]
3d4fa8c7-18b8-4cd8-b9f1-dd9149eca8d0,[20]
3d54bb70-b62e-4b82-b1f6-52a56511c856,"[10, 11, 2, 16, 17, 1, 3, 15, 14, 8, 6, 13, 4, 9, 7, 12, 5]"
3d6c4fda-a184-4935-ae7d-348083bff3ff,"[10, 11, 2, 3, 1, 14, 16, 17, 15, 8, 6, 13, 4, 9, 7, 12, 5]"
3d776d0e-673a-4842-a6e3-8a8978157f20,[20]
3d99db97-40ab-4582-8b60-3b458cc366cd,[20]
3dccbbaa-39f7-4c40-a53a-9aec90618044,[20]
3df22e6e-37e7-4025-88f5-f2d276a75f45,[20]
3e087108-5669-4164-8681-61805c9c228e,[20]
3e938d26-91f5-4d34-8111-fddf3da678d4,"[10, 11, 2, 16, 17, 1, 3, 15, 14, 8, 6, 13, 4, 9, 7, 12, 5]"
3efca14d-0336-45b9-a257-5795d445e4fc,[20]
3f0a9814-8ddc-4589-bb23-da2da7c6ef93,"[10, 11, 2, 3, 1, 14, 16, 17, 1, 15, 8, 6, 13, 4, 9, 7, 12, 5]"
3f110de7-03a9-4184-a36e-0e51920a1cbd,[20]
3f198aca-ee6f-41c2-9467-81cb6be7c290,"[10, 11, 2, 3, 1, 14, 16, 17, 1, 15, 8, 6, 13, 4, 9, 7, 12, 5]"
3f5bc6b3-47c0-4e5d-ab91-fb46e3c7bcea,"[10, 11, 2, 3, 1, 13, 4, 25, 8, 6, 4, 9, 27, 26, 7, 12, 5]"
3f621d62-9254-409b-9b08-efb1ded69084,"[10, 11, 2, 16, 17, 1, 3, 15, 14, 8, 6, 13, 4, 9, 7, 12, 5]"
3f7cb848-493e-4d70-a470-16151ce751aa,"[10, 11, 2, 16, 17, 1, 3, 15, 14, 8, 6, 13, 4, 9, 7, 12, 5]"
3fa05b0c-9f05-42f5-ae81-e9dc0a96ed3d,[20]
3fc8dad6-c1e8-4ee6-bc6d-09791674a13d,"[10, 11, 2, 3, 1, 14, 16, 17, 1, 15, 1, 8, 6, 13, 4, 9, 7, 12, 5]"
3fd500b2-69e4-46d9-8cb4-31f8f0a80c74,"[10, 11, 2, 2, 2, 2, 3, 3, 3, 1, 3, 1, 1, 1, 28, 23, 5, 5, 5, 5, 1, 1, 1, 1, 1, 1, 1, 29, 13, 4, 25, 8, 6, 4, 9, 27, 26, 7, 12, 8, 6, 4, 9, 7, 1]"
406c412f-1e70-4bfd-8f63-145de38af187,[20]
40878f9a-b138-4be1-ac59-5ef5eff13788,"[10, 11, 2, 3, 1, 14, 16, 17, 1, 15, 1, 8, 6, 13, 4, 9, 5, 7, 12]"
409fb70d-9c46-4dc7-9cb1-62236ae0233c,"[10, 11, 2, 16, 17, 1, 3, 15, 14, 8, 6, 13, 4, 9, 7, 12, 5]"
40a3f621-1662-4046-9c62-d5f3f97cbb91,"[10, 11, 2, 3, 1, 14, 16, 17, 15, 8, 6, 13, 4, 9, 7, 12, 5]"
40b05cb6-e3ad-44a4-b827-80a79c3260d8,[20]
40c0c6ca-6775-4e0d-9b12-d25fc6217087,"[10, 11, 2, 3, 1, 14, 16, 17, 1, 15, 8, 6, 13, 4, 9, 7, 12, 5]"
40c6393e-d690-40ad-8e48-bbb967246c60,[20]
40c72686-2a62-471f-aa79-d6ca9db8053f,[20]
40e06ed9-2f99-4ca7-9ea1-72263d8ec405,[20]
40e6765b-3372-44e7-90b2-9562377744f3,"[10, 11, 2, 3, 1, 14, 16, 17, 15, 8, 6, 13, 4, 9, 7, 12, 5]"
41212db6-48e8-4e7a-a726-47b77f6d113a,[20]
4139decc-4c49-43b3-9fda-51e8bd22d332,"[10, 11, 2, 3, 1, 14, 16, 17, 1, 15, 8, 6, 13, 4, 9, 7, 12, 5]"
41976ddc-67a1-4ea6-9ec2-7e3f40038618,"[10, 11, 2, 16, 17, 1, 3, 15, 14, 1, 8, 6, 13, 4, 9, 7, 12, 5]"
41e9db2c-b8a3-4e53-b36c-fb1c0d897fee,[20]
420aa36f-91ff-41a9-a861-0e557c2c4ab7,"[10, 11, 2, 3, 1, 14, 16, 17, 1, 15, 8, 6, 13, 4, 9, 7, 12, 5]"
425846ff-24e5-4f05-bd69-fa419622858b,"[324, 70, 70, 70]"
427b117e-9898-4f11-883a-a1e605bd38af,"[10, 11, 2, 16, 17, 1, 3, 15, 14, 8, 6, 13, 4, 9, 7, 12, 5]"
428fa347-6456-4954-ac37-ab5243afbcdc,[20]
4316a92a-ac70-4358-aaab-5da3675a60e0,"[10, 11, 2, 3, 1, 14, 16, 17, 1, 15, 8, 6, 13, 4, 9, 7, 5, 12]"
4352fb45-2315-436d-884a-a1eece47b89b,[20]
43595dbc-83a2-41b6-92d6-a84efce341b3,"[10, 11, 2, 3, 1, 14, 16, 17, 1, 15, 8, 6, 13, 4, 9, 5, 7, 12]"
43710b8e-8a04-4d68-8d32-c61fe6fad536,[20]
43787920-5519-4f66-afb8-fcf70c7812d8,[20]
437dcc72-a0f8-4083-93d5-739357442505,[20]
438f6d8c-06a4-4ce4-999f-c929a38efe78,"[10, 11, 2, 3, 1, 14, 16, 17, 1, 15, 8, 6, 13, 4, 9, 7, 12, 5]"
43b6fa74-7d83-4efa-b856-7316da50ba84,[20]
43b7805e-48e0-45d8-a55b-763099259251,[20]
43cf6a22-d1de-4267-b9da-61bfe49aa026,"[10, 11, 2, 3, 1, 14, 16, 17, 1, 15, 8, 6, 13, 4, 9, 7, 12, 5]"
43ef3b0d-3f83-49d1-bb1c-796af826bb0d,[20]
445b250a-2e8a-4026-996c-3ecaafd01d40,[20]
44cd342f-dbad-4b9d-b278-951bb4472706,"[10, 11, 2, 3, 1, 14, 16, 17, 1, 15, 8, 6, 13, 4, 36, 9, 7, 12, 5]"
4504a1ff-723d-400c-8eca-afb719693257,"[10, 11, 2, 3, 1, 14, 16, 17, 1, 15, 8, 6, 13, 4, 9, 7, 12, 5]"
4520f601-e696-4aa2-b8c3-eb6ce096c800,"[10, 11, 2, 3, 1, 14, 16, 17, 1, 15, 1, 8, 6, 13, 4, 9, 5, 7, 12]"
457531e4-947b-4e66-b05d-d1797080cd3f,"[10, 11, 2, 3, 1, 14, 16, 17, 1, 15, 8, 6, 13, 4, 9, 7, 5, 12]"
45b353e1-61a1-4f6e-ab5b-09cc4def076c,"[10, 11, 2, 2, 16, 17, 1, 3, 1, 3, 14, 15, 14, 23, 5, 5, 32, 32, 31, 31, 38, 6, 38, 6, 8, 6, 13, 4, 9, 34, 7, 12]"
45ce69a6-9b3f-4512-9a3a-b7900188d44a,[20]
45cffbba-c7c5-4e8f-a2c4-15c224fc2dbf,"[10, 11, 2, 3, 1, 14, 16, 17, 15, 8, 6, 13, 4, 9, 7, 12, 5]"
45ed50d7-3d25-4f23-b512-8f2a55457691,"[10, 11, 2, 3, 1, 14, 16, 17, 1, 15, 8, 6, 13, 4, 9, 7, 12, 1, 5]"
45f3031f-f28c-49fa-955f-27a5185583bd,"[10, 11, 2, 3, 1, 14, 16, 17, 1, 15, 8, 6, 13, 4, 9, 7, 12, 5]"
4638603a-18ab-4811-9948-c7cb0fd66b41,[20]
465a5a8c-545a-4ca0-b2a2-989ae911c30c,"[10, 11, 2, 16, 17, 1, 3, 15, 14, 8, 6, 13, 4, 9, 5, 7, 12]"
467a883e-3184-448d-a363-ced8acd9bf61,[20]
469d7a1f-7abd-4e1e-9211-8ee2b57bc56d,"[10, 11, 2, 3, 1, 14, 16, 17, 1, 15, 8, 6, 13, 4, 9, 7, 22, 12, 5]"
46ca2cc9-27d1-4e7f-b2a9-ff939768df1b,"[10, 11, 35, 13, 4, 7, 12]"
4725c852-8a43-4969-8a93-a608d056daa3,[20]
472aa9bc-4685-4030-9251-fd73b99525d9,"[10, 11, 2, 3, 1, 14, 16, 17, 1, 15, 1, 8, 6, 13, 4, 9, 5, 7, 12]"
4764ce4c-c572-49bc-b7e2-5b8dada6b80c,"[44, 10, 11, 2, 3, 1, 14, 16, 17, 1, 15, 8, 6, 13, 4, 9, 5, 7, 12]"
477248f5-908d-481d-89f2-af4dcc5636fa,"[10, 11, 2, 3, 1, 14, 16, 17, 1, 15, 8, 6, 13, 4, 9, 7, 12, 5]"
47b84929-b6d3-46ea-b9b6-8056a3954464,[20]
47c32e8b-5ee1-41fe-9990-949f47bbd2bf,[20]
47c989d6-0cc0-4ffc-9052-a70d8551f2d4,"[10, 11, 2, 3, 1, 14, 16, 17, 1, 15, 8, 6, 13, 4, 9, 7, 12, 1, 5]"
47f2bb45-b27b-4d01-9530-c358606159c4,"[10, 11, 2, 3, 1, 13, 4, 25, 8, 6, 4, 9, 27, 26, 7, 12, 5]"
48081979-ee58-4879-b0c0-88dc81eaed31,[20]
4813bfd9-90f1-4226-8e1a-7f8bad4c54f4,[20]
485484d4-6efd-4a63-9e84-ac8de7005d25,"[10, 11, 2, 3, 1, 14, 16, 17, 1, 15, 8, 6, 13, 4, 9, 7, 12, 5]"
48567c4e-89ba-429e-9352-6c086af4d585,[20]
489e5be5-9765-4c14-b243-bfabeaefba4d,"[10, 11]"
48b8438a-e471-4244-bc7a-5898b9c9d92e,"[10, 11, 2, 16, 17, 1, 3, 14, 15, 8, 6, 13, 4, 9, 5, 7, 12]"
49016cc9-27a1-4481-be2f-12a10022ec20,"[10, 11, 2, 16, 17, 1, 3, 14, 15, 8, 6, 13, 4, 9, 7, 12, 5]"
49100e31-3b4d-49c5-bfa3-fd8f379692fc,[20]
494912b3-dfe4-45cd-afb6-8fbd5beecf46,"[10, 11, 2, 3, 1, 14, 16, 17, 1, 15, 8, 6, 13, 4, 9, 7, 12, 5]"
495c6d37-49ca-466d-801b-b4cbe5565902,[20]
49b33ea4-5151-4cd1-a0f6-66a5a4889681,"[10, 11, 2, 16, 17, 1, 3, 14, 15, 8, 6, 13, 4, 9, 5, 7, 12]"
49e3b6bc-61c4-47b1-85e8-010c6d88848e,"[10, 11, 2, 3, 1, 14, 16, 17, 1, 15, 8, 6, 13, 4, 9, 7, 12, 5]"
49f6b8c4-c28b-4150-b4f6-7c5adb63bf77,[20]
4a087d50-3cdf-431d-8517-ff97b73e3df8,"[10, 11, 2, 16, 17, 1, 3, 14, 1, 15, 8, 6, 13, 4, 9, 7, 12, 5]"
4a0a0cbf-5002-481b-9300-a94c2296fe0f,"[10, 11, 2, 3, 1, 14, 16, 17, 1, 15, 8, 6, 13, 4, 9, 7, 12, 5]"
4a59013c-46eb-4774-82b7-e0bdff4401b4,[20]
4a868bfc-321c-482b-a386-13a13364203b,"[10, 146, 145, 162, 161, 7, 12]"
4a956add-875a-4c29-82b7-1c887ed65fa0,"[10, 11, 2, 16, 17, 15, 3, 14, 1, 8, 6, 13, 4, 9, 7, 12, 5]"
4ab64730-cdae-492e-bf68-e66e93f7fefb,[20]
4adcd718-851d-4492-b93b-447691766364,"[10, 11, 2, 16, 17, 1, 3, 15, 14, 8, 6, 13, 4, 9, 7, 5, 12]"
4af1d479-5708-4c37-b44f-80fd0446ceb8,"[10, 11, 2, 3, 1, 14, 16, 17, 1, 15, 8, 6, 13, 4, 9, 7, 12, 5]"
4afe7178-310f-4f07-940c-2d06a4377888,[20]
4b370265-b51f-4f0f-a4c3-c12435dd5b60,"[10, 11, 2, 16, 17, 1, 3, 15, 14, 8, 6, 13, 4, 9, 7, 12, 5]"
4b38fad1-42ae-4dd5-ae58-dde9be34e188,"[10, 11, 2, 3, 1, 14, 16, 17, 15, 1, 8, 6, 13, 4, 9, 7, 12, 5]"
4bdf5acc-70ce-4629-8a56-9744442ae0f9,"[10, 11, 2, 3, 1, 14, 16, 17, 15, 8, 6, 13, 4, 9, 7, 12, 5]"
4beaa0bb-1406-4cf9-a217-8567d6d7ef84,"[230, 171, 171]"
4c05532f-acef-4118-a512-441eac1d81a7,"[10, 11, 35, 13, 4, 42, 8, 6, 4, 9, 43, 7, 12]"
4c255236-6af2-414a-8b57-abc7e93e8b8c,"[10, 11, 2, 3, 1, 14, 16, 17, 1, 15, 8, 6, 13, 4, 9, 7, 12, 5]"
4c266ab6-be25-469d-aad9-46a33b034160,[20]
4c49d04d-6351-49a8-b2da-661d75bbc50f,"[10, 11, 2, 16, 17, 1, 3, 15, 14, 8, 6, 13, 4, 9, 22, 7, 12, 5]"
4c78374c-251c-4009-b9b8-329bb3958b60,"[10, 11, 2, 16, 17, 1, 3, 14, 15, 8, 6, 13, 4, 9, 7, 12, 5]"
4c86961d-2e31-411f-a35f-610536bd1b24,"[10, 11, 2, 16, 17, 1, 3, 15, 14, 8, 6, 13, 4, 9, 7, 12, 5]"
4cab9ec4-5fc3-47da-b7a4-511219dc3f57,"[10, 11, 2, 3, 1, 14, 16, 17, 1, 15, 8, 6, 13, 4, 9, 5, 7, 12]"
4cde3725-6ecb-4d02-b89d-f7d065d83cc9,[20]
4d1a4da9-5d4e-476b-846b-dbbe8276023f,[20]
4d537b22-9fbb-423d-bbfe-12fb9698408a,[20]
4d8cb3d3-25e9-4175-b970-def59fcad814,"[10, 11, 2, 2, 3, 3, 14, 14, 23, 5, 5, 1, 1, 1]"
4da9075b-2005-4ee4-810b-d9c6cacdfbe8,"[271, 94, 94, 94]"
4de196e3-9881-4316-a770-0407ab3b6a99,"[10, 11, 2, 3, 1, 14, 16, 17, 15, 1, 1, 8, 6, 13, 4, 9, 7, 12, 5]"
4e50f6b9-ad2f-4234-9f09-b87744bc9836,"[10, 11, 2, 3, 1, 14, 16, 17, 1, 15, 8, 6, 13, 4, 9, 7, 5, 12]"
4e6b5b8f-e97e-4d95-8682-6a3c94118b31,"[254, 85, 85, 85]"
4e6f2384-7e09-4546-94da-1d9ac4bfb50b,"[10, 11, 2, 3, 1, 14, 16, 17, 1, 15, 8, 6, 13, 4, 9, 7, 5, 12]"
4e721bb0-2ff2-476f-89ca-042fdfa44ece,"[10, 11, 2, 3, 1, 14, 16, 17, 15, 1, 8, 6, 13, 4, 9, 7, 12, 5]"
4e7313b3-854c-42db-8295-698dc46f166e,[20]
4ed0c628-3211-404a-826d-fff18b0f139c,"[10, 11, 2, 3, 1, 16, 17, 14, 1, 15, 8, 6, 13, 4, 9, 5, 7, 12]"
4ede2eb8-08b5-49c2-bfa2-c3d31205634d,[20]
4eeaee1b-36bc-4386-b3df-a3151f1566f8,"[10, 11, 2, 3, 14, 16, 17, 1, 15, 8, 6, 13, 4, 9, 7, 12, 5]"
4ef32bb2-d653-40fd-841c-b25253d7d34f,[20]
4eff256b-7dde-48dd-8d39-b9602dd620d6,[20]
4f8c367e-281c-4644-b39a-e5c1286963a2,[20]
4fafad33-60ad-49a2-96af-9386922a84c2,[20]
4fdf5d41-a305-4aae-8ef5-ffca34f8b460,"[10, 11, 2, 16, 17, 1, 3, 15, 14, 8, 6, 13, 4, 9, 22, 7, 5, 12]"
4fe356b7-86e6-4747-9c40-57763f441587,[20]
4ffa6f8d-76c3-4aef-a3a0-f0a0a5c077de,"[10, 11, 2, 3, 1, 14, 16, 17, 1, 15, 8, 6, 13, 4, 9, 7, 12, 5]"
506a23f5-6cec-4d64-abf8-16e017154255,"[10, 11, 2, 3, 1, 14, 16, 17, 15, 8, 6, 13, 4, 9, 7, 12, 5]"
506d118d-224d-43d3-88fb-ce05ed0e0d1a,"[164, 164]"
509b291b-78f2-4122-92df-0b488a0c83f5,"[10, 11, 2, 3, 1, 14, 16, 17, 1, 15, 8, 6, 13, 4, 9, 22, 7, 12, 5]"
50b206a2-0479-44c2-bef6-75810a9a1be5,[20]
50c2e1cc-3225-4fd7-b128-bf90aaa0513c,"[10, 11, 2, 3, 1, 13, 4, 25, 8, 6, 4, 9, 27, 26, 7, 12, 5]"
50cd60fb-29fe-408b-b3c4-f98389e1157a,"[10, 11, 2, 3, 1, 14, 16, 17, 1, 15, 8, 6, 13, 4, 9, 7, 12, 5]"
50d5be2e-745f-407a-8bf9-dbec934afb12,"[234, 255]"
50dbd4d7-4ebf-47f9-a0ae-433bbcbf4dfd,"[10, 11, 2, 3, 1, 14, 16, 17, 1, 15, 8, 6, 13, 4, 9, 5, 7, 12]"
50dcf836-e341-43bb-926a-111cbbc633e1,"[10, 11, 2, 3, 1, 13, 4, 25, 8, 6, 4, 9, 27, 26, 7, 12, 5]"
50ee104f-c8cf-47d8-b934-a090fe474ce4,"[10, 11, 2, 3, 1, 14, 16, 17, 15, 8, 6, 13, 4, 9, 22, 7, 5, 12]"
50fb529f-b133-4be9-aa24-01445fdb7160,[20]
511bb3f7-8dc6-48d8-8465-6ae2bcdd7f26,"[10, 11, 2, 16, 17, 1, 3, 15, 14]"
51224af4-98a6-4766-b070-97f777121b01,[20]
51513a58-1eb1-4601-9de4-86aa999f5259,"[10, 11, 2, 16, 17, 15, 3, 14, 8, 6, 13, 4, 9, 7, 5, 12]"
51533ba9-f8c8-414d-851e-1dd2dc51a9f4,"[10, 11, 2, 16, 17, 1, 3, 14, 15, 8, 6, 13, 4, 9, 7, 12, 5]"
5164f7a1-0475-4b92-a495-4ce002875773,[20]
51865cd0-9126-40f6-83b9-2487e4aa2830,"[10, 11, 2, 3, 1, 13, 4, 25, 8, 6, 4, 9, 27, 26, 7, 12, 5]"
51a17d51-c01b-483d-9bf3-c2d0f8194844,"[10, 11, 2, 16, 17, 1, 3, 15, 14, 8, 6, 13, 4, 9, 7, 5, 12]"
51d3cb99-48c2-4f1c-8021-da79f992cc2e,[20]
523fdaef-4812-40e2-a62e-507a72083d73,"[10, 11, 2, 3, 1, 14, 16, 17, 1, 15, 8, 6, 13, 4, 9, 7, 12, 5]"
524340e0-293a-47e0-b936-0721d80c1d3f,"[10, 11, 2, 3, 1, 14, 16, 17, 1, 15, 8, 6, 13, 4, 9, 7, 12, 5]"
524ed88e-f12d-4e83-b9dd-095ad7e7fd86,"[10, 11, 2, 16, 17, 1, 3, 15, 14, 8, 6, 13, 4, 9, 7, 12, 5]"
525454ff-f742-4464-958a-03cda51f93fc,[20]
525b9bd2-f94d-4a15-81b7-398c416f456e,"[10, 11, 2, 3, 1, 14, 16, 17, 15, 8, 6, 13, 4, 9, 7, 12, 5]"
52727442-55da-4616-8e5f-8c1a34cb95d5,"[10, 11, 2, 16, 17, 1, 3, 15, 14, 8, 6, 13, 4, 9, 7, 12, 5]"
529c1353-e644-4bc8-8fb4-5cd360a49938,"[10, 11, 2, 3, 1, 14, 16, 17, 1, 15, 8, 6, 13, 4, 9, 7, 12, 5]"
52cb3ffa-185a-486b-82ab-84f071e6f1a4,"[10, 11, 2, 3, 1, 14, 16, 17, 1, 15, 8, 6, 13, 4, 9, 5, 7, 12]"
52e17d47-bdef-4b03-a475-74062b23028c,"[10, 11, 2, 3, 1, 14, 16, 17, 15, 8, 6, 13, 4, 9, 7, 12, 5]"
52f804ca-f1e2-4cf9-9acf-3eecb25d1226,"[44, 10, 11, 2, 16, 17, 1, 3, 15, 14, 8, 6, 13, 4, 9, 7, 12, 5]"
532421f6-81c7-41b5-af8d-f23c5b915fa5,[20]
53338bec-3471-4bec-b6fd-f6fe72478404,[20]
534a6cb0-940e-425c-93ae-cf1355489ab0,"[10, 11, 2, 3, 1, 14, 16, 17, 1, 15, 8, 6, 13, 4, 9, 22, 7, 12, 5]"
537db268-9532-4ba1-9d8b-76df78c51855,[20]
537e1392-6fef-4acb-bc9c-56500db85b1a,"[10, 11, 2, 3, 1, 14, 16, 17, 1, 15, 8, 6, 13, 4, 9, 7, 12, 5]"
53a12e85-22a5-496c-acbb-f7da50a49ef4,[20]
53ae189f-7ea8-41f1-b7ea-bf717662efc6,"[10, 11, 2, 3, 1, 14, 16, 17, 1, 15, 8, 6, 13, 4, 9, 7, 12, 5]"
54199804-e1ac-4849-93c6-b74492f7ef87,"[10, 11, 2, 16, 17, 1, 3, 14, 15, 1, 8, 6, 13, 4, 9, 5, 7, 12]"
5448ec98-c8fa-4fab-bf3e-bb0229e6a660,"[10, 11, 2, 3, 1, 14, 16, 17, 1, 15, 8, 6, 13, 4, 36, 9, 7, 12, 5]"
5457dda2-4747-48af-a6a9-8f0e46cd0716,"[10, 11, 2, 16, 17, 1, 3, 15, 14, 8, 6, 13, 4, 9, 7, 12, 5]"
5472e6dd-1782-43d8-8f26-ca2d9a60ebc0,[20]
54839163-9d7f-4d30-94b6-3f4f6ac553fa,"[10, 11, 2, 3, 1, 14, 16, 17, 15, 8, 6, 13, 4, 9, 7, 12, 5]"
5486cc4d-73cb-4598-9e64-f8ebd7e2b466,[20]
5488f353-823b-43b2-8008-fe333a14583d,"[223, 167, 167]"
54997050-ee83-4f9d-b34e-3b0c0b1ec93c,"[10, 11, 2, 2, 2, 2, 16, 17, 1, 3, 1, 3, 1, 3, 14, 14, 14, 1, 3, 15, 14, 23, 5, 5, 5, 5, 32, 32, 32, 32, 31, 31, 31, 31, 39, 38, 6, 38, 6, 38, 6, 8, 6, 13, 4, 9, 7, 34, 12]"
54b1c554-4c8c-4964-afb3-fdd269eaba89,[20]
54d1f0e8-d732-4580-8476-a517f920f906,"[10, 11, 2, 2, 2, 2, 3, 3, 3, 3, 1, 1, 1, 1, 28, 23, 5, 5, 5, 5, 1, 1, 1, 1, 8, 6, 13, 4, 9, 7, 12, 29, 4, 33, 8, 6, 4, 9, 7, 1]"
550cbec0-ad76-478d-9a98-73ad3894fdc8,"[41, 41, 41, 41]"
55a46ffb-bfc3-4b8d-a880-39476dd216b7,[20]
55c55130-e340-405b-84b4-303ff9c9a652,"[10, 11, 2, 3, 1, 14, 16, 17, 1, 15, 8, 6, 13, 4, 9, 7, 12, 5]"
55fa23e4-6252-4964-b12d-5fa4223d6e1e,[20]
56474f5a-0ada-4fd2-a2f1-6c657829288c,[20]
56a8e84e-608f-40bd-8558-1693a8a72733,[20]
56aabb14-ea98-4fe6-9151-09ea96f73c0e,"[10, 11, 2, 3, 1, 14, 16, 17, 1, 15, 8, 6, 13, 4, 9, 7, 12, 5]"
56ff9c46-58e0-4da0-8511-2cab5fc7148c,"[10, 11, 2, 16, 17, 15, 3, 14, 8, 6, 13, 4, 9, 7, 12, 5]"
570fa28d-78b9-4eb6-96cd-1a7511de100a,[20]
5712b96e-581f-4c4e-834e-328e803a2de5,[20]
572edb05-51ad-439a-b72c-b23a483e5f36,"[10, 11, 2, 16, 17, 1, 3, 15, 14, 8, 6, 13, 4, 9, 5, 7, 12]"
572f483d-f58c-4576-80f2-1af0f762f666,"[10, 11, 2, 16, 17, 15, 1, 3, 14, 8, 6, 13, 4, 9, 7, 12, 5]"
576f81e3-a87b-4f06-811b-9ccfb37e3dc7,"[10, 11, 2, 3, 1, 14, 16, 17, 1, 15, 8, 6, 13, 4, 9, 5, 7, 12]"
57a57ddd-9f74-404e-bc5c-74b483f1aeb7,[20]
57b617d4-3859-4833-af3d-cc43b37e05ba,[20]
57cbdf1f-1c88-4246-9918-30722a7f354f,[20]
57eccff2-2b96-4a0d-af07-527821584e92,"[10, 11, 2, 3, 1, 14, 16, 17, 1, 15, 8, 6, 13, 4, 9, 7, 12, 5]"
582cb55f-d90c-4bc2-a7c0-47a301dcf12b,"[10, 11, 2, 2, 2, 2, 3, 3, 3, 3, 1, 14, 16, 17, 14, 14, 14, 1, 15, 1, 23, 5, 5, 5, 5, 32, 32, 32, 31, 31, 31, 31, 39, 38, 39, 39, 6, 8, 6, 13, 4, 9, 7, 12]"
583c8aac-d0a5-4d4a-b0e9-92088010ae1d,"[10, 11, 2, 16, 17, 1, 3, 15, 14, 8, 6, 13, 4, 9, 7, 12, 5]"
584f547a-88ad-4ac1-91eb-1b36414aadf7,"[10, 11, 2, 16, 17, 1, 3, 15, 14, 8, 6, 13, 4, 9, 22, 7, 12, 5]"
58750ab5-2c07-4913-9242-a5a45e630057,[20]
589334be-4d08-4a42-be2e-e0d6105b80ad,"[10, 11, 2, 16, 17, 1, 3, 15, 14, 8, 6, 13, 4, 9, 7, 12, 5]"
5897334a-6797-4ccf-b299-cbbcbe6bfb14,"[10, 11, 2, 2, 2, 2, 3, 3, 3, 3, 1, 1, 1, 1, 28, 23, 5, 5, 5, 5, 1, 1, 1, 1, 8, 6, 13, 4, 9, 7, 12, 29, 4, 33, 8, 6, 4, 9, 7]"
58a5bf3d-b1a0-4300-abca-3eb64208f9dc,[20]
58a8b7f5-246c-49b6-8ae1-0d7911b3d0e9,[20]
58ac0524-1aea-4e58-b839-179577bf3312,[20]
58ac0ace-d3f7-4f98-98ec-b5bd8fc3fc63,"[10, 11, 2, 16, 17, 1, 3, 14, 15, 8, 6, 13, 4, 9, 7, 12, 5]"
58ad8909-3031-4fe3-ba66-a846277bb62d,"[10, 11, 2, 3, 1, 14, 16, 17, 1, 15, 8, 6, 13, 4, 9, 7, 12, 5]"
58b7a2d1-ab4f-442c-9be7-75bcd1b14ee9,[20]
58df4b41-7d24-4643-b10e-46f60d5c5d2d,"[10, 11, 2, 3, 1, 14, 16, 17, 1, 15, 8, 6, 13, 4, 9, 7, 12, 5]"
58ea5156-53fd-4642-aeb4-d39642b2a449,"[10, 11, 2, 3, 1, 14, 16, 17, 1, 15, 8, 6, 13, 4, 9, 7, 12, 5]"
58f3f0cc-253f-4ad7-b399-9ad5daa37096,"[10, 11, 2, 16, 17, 1, 3, 15, 14, 8, 6, 13, 4, 9, 7, 12, 5]"
598b916c-0f87-47be-8f9c-b2c092ef102f,[20]
59a038bb-32d5-4b1d-8a80-de6d2bd529b4,"[10, 11, 2, 16, 17, 1, 3, 15, 14, 8, 6, 13, 4, 9, 7, 12, 5]"
59bb106a-b741-4b4b-a1f6-6caa7fa57302,"[10, 11, 2, 3, 1, 14, 16, 17, 1, 15, 8, 6, 13, 4, 9, 7, 5, 12]"
5a5a62d3-54bf-4396-b22d-3eafa34e5bfd,[20]
5a5e9348-c5d7-4117-9300-e107e4354edf,"[10, 11, 2, 3, 1, 14, 16, 17, 15, 8, 6, 13, 4, 9, 7, 12, 5]"
5ab09eec-b1ef-4057-993c-ba7efba168e3,[20]
5ad34c7f-8a85-4d41-b23e-d19371624837,[20]
5b1550f7-a708-498b-8374-ca46a2e69215,"[10, 11, 2, 3, 1, 14, 16, 17, 1, 15, 8, 6, 13, 4, 9, 7, 12, 5]"
5b1aa9db-fba9-468d-affc-8284be5af30f,[20]
5b26dfde-ee71-4569-a999-ba52b9b6b376,"[10, 11, 2, 3, 1, 13, 4, 25, 8, 6, 4, 9, 27, 26, 7, 12, 5]"
5b590913-3dce-4189-b644-139fa5b7deda,"[193, 129, 129, 129]"
5b6ace24-c486-4876-b134-906006b828ab,[20]
5b6b6c9f-6ab0-4d71-84f1-f265c0b38446,[20]
5b6fcd7e-6575-4857-a827-f6720351e996,"[10, 11, 2, 16, 17, 1, 3, 15, 14, 8, 6, 13, 4, 9, 7, 12, 5]"
5b96c2a0-a883-4635-a9c1-339d7f64f528,"[10, 11, 2, 16, 17, 1, 3, 15, 14, 8, 6, 13, 4, 9, 7, 12, 5]"
5bab4033-a724-4c53-91c7-3212601c105e,"[10, 11, 2, 16, 17, 1, 3, 15, 14, 8, 6, 13, 4, 9, 7, 12, 5]"
5c228225-5d4f-425e-a159-988ada92ff26,[20]
5c2a28e0-1069-4c5b-af03-ab3d31512a65,"[10, 11, 2, 3, 1, 14, 16, 17, 1, 15, 8, 6, 13, 4, 9, 5, 7, 12]"
5c314e68-cf00-4dfd-9770-787300e269ce,"[10, 11, 2, 3, 1, 14, 16, 17, 1, 15, 8, 6, 13, 4, 9, 7, 12, 5]"
5c614fc0-48e2-4d10-aab9-29dbc0172c89,"[304, 73, 73, 73]"
5c752404-725a-42c9-8884-c5b27e45a0df,"[10, 11, 2, 16, 17, 1, 3, 15, 14, 8, 6, 13, 4, 9, 5, 7, 12]"
5c7d0904-40e7-4602-aa15-013020622d47,"[10, 11, 2, 2, 2, 2, 3, 3, 3, 3, 1, 1, 1, 1, 28, 23, 5, 5, 5, 5, 1, 1, 1, 1, 8, 6, 13, 4, 9, 7, 12, 29, 4, 33, 8, 6, 4, 9, 7]"
5c818d14-acd5-4086-bc8f-f8441aec73e4,[20]
5ca69a90-2dc2-4ad8-8eaa-2df45684b3f5,"[10, 11, 2, 3, 1, 14, 16, 17, 1, 15, 8, 6, 13, 4, 9, 7, 12, 5]"
5cc732f5-a21a-4846-8d40-04b10b0a49ca,"[10, 11, 2, 3, 1, 14, 16, 17, 1, 15, 8, 6, 13, 4, 9, 7, 12, 5]"
5cc8d6f8-baf9-4721-bdbb-9bc397f0f09e,"[10, 11, 2, 16, 17, 15, 1, 3, 14, 8, 6, 13, 4, 9, 5, 7, 45, 12]"
5cda1023-792e-4b72-87b4-e2964e90bd52,[20]
5cee874e-e90b-4649-83d7-f146331f7ddf,"[10, 11, 2, 16, 17, 1, 3, 15, 14, 8, 6, 13, 4, 9, 7, 12, 5]"
5d06d9d0-026d-45b3-a651-f335cc987e12,"[10, 11, 2, 16, 17, 1, 3, 14, 15, 8, 6, 13, 4, 9, 7, 5, 12]"
5db1a8f0-1ed9-4f90-b154-bf7946361f6e,"[10, 11, 2, 16, 17, 1, 3, 15, 14, 8, 6, 13, 4, 9, 7, 12, 5]"
5db1ef04-6e98-4a96-8228-816b81707a2a,"[10, 11, 2, 3, 1, 14, 16, 17, 1, 15, 8, 6, 13, 4, 9, 7, 12, 5]"
5e11fa85-07b8-49d0-a19e-b4f6ea6bf03c,"[10, 11, 2, 16, 17, 1, 3, 14, 15, 8, 6, 13, 4, 9, 7, 12, 1, 5]"
5e13d0f9-3d7f-4713-9b94-621bf2767d60,"[10, 11, 2, 3, 1, 14, 16, 17, 1, 15, 8, 6, 13, 4, 9, 7, 12, 5]"
5e30f09d-1cd0-47f5-939c-ea4418f200e1,"[10, 11, 2, 3, 1, 14, 16, 17, 1, 15, 8, 6, 13, 4, 9, 7, 12, 5]"
5e3da4a4-5dbf-4100-a609-3494962cda06,"[10, 11, 2, 3, 1, 14, 16, 17, 1, 15, 8, 6, 13, 4, 9, 7, 12, 5]"
5e65a0c3-d63e-4a51-8298-5c9da413a636,"[10, 11, 2, 16, 17, 1, 3, 14, 15, 8, 6, 13, 4, 9, 7, 12, 5]"
5eae8890-fb66-4095-bb2a-107ef2f139ec,[256]
5eae9974-f415-4af2-8577-25a8c670a2ac,"[10, 11, 2, 3, 1, 14, 16, 17, 1, 15, 8, 6, 13, 4, 9, 7, 12, 5]"
5eda3874-867d-4c46-9c08-5576973d1fed,"[10, 11, 2, 3, 14, 16, 17, 15, 8, 6, 13, 4, 9, 22, 5, 7, 12]"
5f1560c4-39c7-4c20-aa9c-78acfa79ce8b,"[212, 213]"
5f182e09-b7ee-4058-a299-68beab58f276,[20]
5f201e3e-d963-48af-b373-d8643f5070d1,[20]
5f56fd96-7d95-47c8-9085-453437492781,"[10, 11, 35, 13, 4, 42, 8, 6, 4, 9, 43, 7, 12]"
5f65bf02-4a05-4405-90ff-465d7979bb7a,"[10, 11, 2, 3, 1, 14, 16, 17, 1, 15, 8, 6, 13, 4, 9, 7, 12, 45, 5]"
5f70ec47-755b-4f11-a13c-1ece8ebca24a,"[10, 11, 2, 3, 1, 14, 16, 17, 1, 15, 8, 6, 13, 4, 9, 7, 12, 5]"
5f881f99-0162-44ca-9def-b0ed181c01bd,"[10, 11, 2, 3, 1, 14, 16, 17, 1, 15, 8, 6, 13, 4, 9, 22, 5, 7, 12]"
5f9ebfd4-1dea-41e8-8abf-b12c2da9d512,"[10, 11, 2, 3, 1, 14, 16, 17, 15, 8, 6, 13, 4, 9, 5, 7, 12]"
5faad71c-b0d4-4ef3-a575-170d7510decf,"[10, 11, 2, 3, 14, 16, 17, 15, 8, 6, 13, 4, 9, 7, 12, 5]"
5fd3eeeb-ab53-4ccb-8c38-ef36e29643d2,"[10, 11, 2, 3, 1, 14, 16, 17, 1, 15, 8, 6, 13, 4, 9, 7, 12, 5]"
5fe25e1a-93fe-481c-9a6c-807c5ba578e4,"[10, 11, 2, 3, 1, 14, 16, 17, 1, 15, 8, 6, 13, 4, 9, 7, 12, 5]"
5fe9d37c-f2ef-4f55-999e-005dfa58c237,"[10, 11, 2, 2, 2, 2, 3, 3, 3, 3, 1, 1, 1, 1, 28, 23, 5, 5, 5, 5, 1, 1, 1, 1, 8, 6, 13, 4, 9, 34, 7, 12, 29, 4, 33, 8, 6, 4, 9, 7]"
5ff4f9c2-97aa-4987-bbc2-f02f065d90ec,"[10, 11, 2, 3, 1, 14, 16, 17, 1, 15, 1, 8, 6, 13, 4, 9, 7, 12, 5]"
601531b3-0234-445c-ab97-adaa9d3b0022,[20]
6035b50b-6175-4049-85e9-f8aec8a8c001,"[10, 11, 2, 2, 2, 2, 3, 3, 28, 3, 3, 1, 1, 1, 1, 23, 5, 5, 5, 5, 1, 1, 1, 1, 1, 1, 29, 13, 4, 25, 8, 6, 4, 9, 27, 26, 7, 12, 8, 6, 4, 9, 7]"
60ea6448-f8f7-4e43-a6af-e392670c8a8d,[20]
61181344-9541-45e1-8414-cc676a5d16ab,[20]
6118a0c3-4b41-40df-b8be-1b553b582b4d,[20]
613aacaa-cf6d-4f33-956d-380d24112b27,[20]
6161abdb-40bc-4111-a36f-4ae196698323,[20]
618dc71a-bfb2-482d-8a1d-74fdcfa69bd3,"[10, 11, 2, 3, 1, 14, 16, 17, 1, 15, 8, 6, 13, 4, 9, 7, 12, 5]"
61bed6b4-dc5f-4ba7-bd7d-adbe50446a0d,"[10, 11, 2, 3, 1, 14, 16, 17, 1, 15, 8, 6, 13, 4, 9, 7, 12, 5]"
61cc9f2a-bf80-4170-99d2-fc3a5adf42a4,"[10, 11, 2, 3, 1, 14, 16, 17, 1, 15, 8, 6, 13, 4, 9, 7, 5, 12]"
61ddddcb-5f20-4567-b5db-dcd1e06196f6,"[10, 11, 2, 3, 1, 14, 16, 17, 1, 15, 8, 6, 13, 4, 9, 7, 12, 5]"
61e4130d-52a0-4c2a-979f-23e13a891050,"[10, 11, 2, 16, 17, 1, 3, 14, 15, 1, 8, 6, 13, 4, 9, 7, 12, 5]"
61e42841-6555-4e35-a2cf-52e29dc4dc01,"[10, 11, 2, 3, 1, 14, 16, 17, 1, 15, 8, 6, 13, 4, 9, 7, 12, 45, 5]"
61eef310-caa4-4951-8279-b2daf00a0f46,[20]
622ced56-1900-4c91-b129-ee2ea25c9f98,"[10, 11, 2, 3, 1, 14, 16, 17, 15, 8, 6, 13, 4, 9, 7, 12, 5]"
62399c95-bdd5-4325-9521-3fb233c7ad1b,"[10, 11, 2, 3, 1, 14, 16, 17, 1, 15, 8, 6, 13, 4, 9, 5, 7, 12]"
6262b030-f415-4854-9174-512c7e330e72,"[303, 59, 59, 59]"
62c1a676-25b6-479e-91d7-29feaae8e81e,[20]
62c3e362-3930-4e49-887b-6c9b2d96879d,"[10, 11, 2, 3, 1, 14, 16, 17, 15, 8, 6, 13, 4, 9, 7, 12, 5]"
62d3cf10-090e-4e74-bb52-8576a75c557f,"[10, 11, 2, 16, 17, 1, 3, 14, 15, 8, 6, 13, 4, 9, 7, 12, 5]"
62e10930-f0c5-4906-abb9-d9df69245f86,"[10, 11, 2, 3, 1, 14, 16, 17, 1, 15, 1, 8, 6, 13, 4, 9, 5, 7, 12]"
636f4632-1c66-4a6c-ad62-78d9480dfaf8,"[10, 11, 2, 3, 1, 14, 16, 17, 15, 8, 6, 13, 4, 9, 7, 5, 12]"
636ff8e5-dfe9-4e3b-a2bb-7060d9a36296,"[10, 11, 2, 16, 17, 1, 3, 15, 14, 8, 6, 13, 4, 9, 7, 12, 5]"
6388239b-51ac-4fd5-8648-4f7f817c9626,"[10, 11, 2, 3, 1, 14, 16, 17, 1, 15, 8, 6, 13, 4, 9, 5, 7, 12]"
63b536da-dd6c-4a6c-a1a9-9fa392733dff,"[10, 11, 2, 16, 17, 1, 3, 14, 15, 8, 6, 13, 4, 9, 7, 12, 5]"
63e68372-8407-4c9d-9e94-7eb1c3d3e56d,[20]
6412425c-be08-49b0-be9e-86fbcc41ba98,"[10, 11, 2, 3, 1, 14, 16, 17, 1, 15, 8, 6, 13, 4, 9, 7, 12, 5]"
6415e2f2-9594-4f62-a4df-28a0a25c993c,"[10, 11, 2, 16, 17, 1, 3, 15, 14, 8, 6, 13, 4, 9, 7, 12, 5]"
6431ac14-be4d-455c-a9f0-8dbd38fe3906,"[10, 11, 2, 3, 1, 14, 16, 17, 1, 15, 1, 8, 6, 13, 4, 9, 22, 5, 7, 12]"
6434ee60-ce16-4fe4-802e-db52aedfa76a,"[10, 11, 2, 3, 1, 14, 16, 17, 15, 8, 6, 13, 4, 9, 7, 12, 5]"
6439410b-fcc0-41f9-a0dd-a96a87840920,[20]
64562681-391c-4083-af9b-d9084067d937,"[10, 11, 48, 13, 4, 142]"
649a9959-cb7c-43f7-8204-ad8d80d78fe6,"[10, 11, 2, 3, 1, 14, 16, 17, 1, 15, 8, 6, 13, 4, 9, 7, 12, 5]"
64aa1e59-e802-4b78-af6d-8f13e1573418,"[10, 11, 2, 3, 1, 14, 16, 17, 15, 8, 6, 13, 4, 9, 7, 12, 5]"
64abd1b5-0585-4fa4-b7ef-1feec8d8e807,"[183, 71, 71, 71]"
64d67fa3-cbd9-44ba-bd00-f51cc4d42373,"[10, 11, 2, 3, 1, 14, 16, 17, 1, 15, 8, 6, 13, 4, 9, 7, 12, 5]"
6538f5da-e28c-410e-8b04-9f9b2ee05dd5,"[10, 11, 2, 3, 1, 14, 16, 17, 15, 8, 6, 13, 4, 9, 7, 12, 5]"
65440210-82cd-4a62-b10a-c4f5a752e227,"[10, 11, 2, 16, 17, 1, 3, 15, 14, 8, 6, 13, 4, 9, 22, 7, 12, 5]"
6567b087-460e-480a-89e1-e1c4b6b6f7a5,[20]
658063a1-ac4d-43a3-ad2d-eea9fce4ed05,[20]
65bff2a2-b7a0-45ff-a8a0-224844ac2936,[20]
65c145f1-8896-4d37-80c9-0d0d0fc20a26,"[10, 11, 2, 16, 17, 1, 3, 14, 15, 8, 6, 13, 4, 9, 7, 12, 5]"
65ff34c9-b9bd-49f3-996e-88486e766b83,[20]
6608a2b6-01fa-4ba5-8f69-63d3a841f6e2,"[10, 11, 2, 3, 1, 16, 17, 15, 14, 8, 6, 13, 4, 9, 7, 12, 5]"
66473aa7-d358-43cc-a4a4-ea7cd3d2478e,"[10, 11, 2, 3, 1, 14, 16, 17, 1, 15, 8, 6, 13, 4, 9, 22, 7, 12, 5]"
668998a4-553a-4f86-9c62-fce3a71fc30a,"[10, 11, 2, 3, 1, 14, 16, 17, 1, 15, 8, 6, 13, 4, 9, 7, 12, 5]"
66bbc87b-a887-469d-b6eb-3d0b23ef140a,[20]
66c03d79-6efb-47d3-95ba-4edee3b354b7,[20]
66d8c4a0-6962-4273-b5da-af3878c518b1,[144]
6715e6d3-4028-4c17-a8ff-640807a3da94,"[284, 75, 75, 75]"
67561ab0-4bce-4e62-b2cf-117f291a40f0,[20]
67791f6f-fe5e-4054-9f3b-0445a778ff03,[20]
67b2055e-ca82-4cc4-a640-2a6640cc3bb9,"[10, 11, 2, 16, 17, 1, 3, 14, 15, 8, 6, 13, 4, 9, 7, 12, 5]"
6857ed4d-c1c9-4460-ba8f-2c8ea631c968,[20]
6866f8e0-825c-4bf3-bea9-cb92b6090e26,[20]
6898c794-4570-457a-996a-69450c88a450,"[10, 11, 2, 16, 17, 1, 3, 15, 14, 8, 6, 13, 4, 9, 5, 7, 12]"
68a904f6-ec07-4f63-be36-0ad661b53823,"[10, 11, 28, 2, 2, 2, 2]"
68e14e68-6374-42af-91c5-4466d67a1b1f,"[10, 11, 2, 3, 1, 14, 16, 17, 15, 8, 6, 13, 4, 9, 7, 12, 5, 1]"
68f301be-0ad7-450f-b0ee-a3fe7391d109,"[10, 11, 2, 16, 17, 1, 3, 14, 15, 8, 6, 13, 4, 9, 7, 12, 5]"
68fbb44c-8d22-44bd-bd38-cbf1fd27bceb,"[10, 11, 2, 16, 17, 1, 3, 15, 14, 8, 6, 13, 4, 9, 7, 12, 5]"
6916dfcd-eb2f-47c8-b320-90b49410b4b7,"[10, 11, 2, 3, 1, 14, 16, 17, 1, 15, 8, 6, 13, 4, 9, 7, 12, 5]"
6943aaae-3bfd-4c3e-ae52-d5a29224d96d,[20]
6950001a-9b38-489b-9571-8ab4467eef61,[20]
69646e95-40ea-491b-950d-2fc898039248,[20]
69674dbb-8ccd-4a10-8f3d-439a7355b529,"[10, 11, 2, 16, 17, 1, 3, 15, 14, 8, 6, 13, 4, 9, 7, 12, 5]"
696a4e5d-646d-4c01-aab5-e0afd5d830d5,[20]
6979c3a4-c832-4dcf-903b-a2717017c03c,[20]
69b0607f-88e0-4134-966c-b1bdc884d9ef,[20]
69b855ce-bce6-4adc-bc37-f576faed118f,"[10, 11, 2, 3, 1, 14, 16, 17, 15, 8, 6, 13, 4, 9, 7, 12, 5]"
69c27069-f39f-40be-9c53-52ce53873859,"[10, 11, 2, 3, 1, 14, 16, 17, 1, 15, 8, 6, 13, 4, 9, 7, 12, 5, 1]"
6a21ec64-3ed9-49da-aaa2-71216daaa6ea,[20]
6a330049-37cd-41cb-9532-c51e451af382,"[10, 11, 2, 3, 1, 14, 16, 17, 1, 15, 8, 6, 13, 4, 9, 7, 12, 5]"
6aa19ed4-5d2a-4561-bd2d-a0d2361b471f,"[10, 11, 2, 3, 1, 14, 16, 17, 15, 8, 6, 13, 4, 9, 7, 12, 5]"
6aadbb1a-d873-45ce-bc5a-a5dd7872cf26,"[10, 11, 2, 3, 1, 14, 16, 17, 1, 15, 8, 6, 13, 4, 9, 7, 12, 5]"
6ac206a3-5e72-4eea-98a5-4cdd7509f4d8,"[10, 11, 2, 3, 1, 14, 16, 17, 1, 15, 8, 6, 13, 4, 9, 22, 7, 12, 5]"
6ad2e409-d09b-4d9d-903f-d8b4efbb11a0,[20]
6ad363f7-3679-4a26-a9c9-4c85484a0174,"[200, 210]"
6ad8e383-23a5-41e3-ad5f-0a1133eac92b,"[10, 11, 35, 13, 4, 8, 6, 4, 9, 7, 12]"
6b690920-3f8b-4528-9608-627428a0332b,"[10, 11, 2, 16, 17, 1, 3, 15, 14, 8, 6, 13, 4, 9, 7, 12, 5]"
6b6b8ffc-5d28-419c-b554-ae0bf2fbef3f,"[10, 11, 2, 3, 1, 14, 16, 17, 1, 15, 8, 6, 13, 4, 9, 7, 12, 5]"
6b70c844-41fa-445e-b0a5-c43bc77f6f23,[20]
6b8f5d8f-5385-4ad3-83db-41ae2a4f14e4,[20]
6bd67687-2ca4-4906-ba14-1d7ef4dd43ff,"[10, 11, 2, 3, 1, 14, 16, 17, 1, 15, 8, 6, 13, 4, 9, 5, 7, 12, 1]"
6bda2dce-bb58-4718-b7be-13ce3fa8ef91,[20]
6bde08f0-64df-4fca-a286-7d27867023eb,"[10, 11, 2, 16, 17, 1, 3, 14, 15, 8, 6, 13, 4, 9, 7, 12, 5]"
6bf059a5-8192-4995-9b9b-99e5170304c2,"[10, 11, 2, 16, 17, 1, 3, 14, 15, 8, 6, 13, 4, 9, 7, 12, 5]"
6bf59527-05e9-4d85-97cf-e42276b16e04,"[232, 107, 107, 107]"
6c0c3bc2-d07f-4da3-807b-04fa6e717d88,"[10, 11, 2, 3, 1, 14, 16, 17, 1, 15, 8, 6, 13, 4, 9, 5, 7, 12]"
6c25814e-7d09-4005-99de-5681a45450d6,[20]
6c2a0d86-1576-4656-9ad4-abd37f73139e,"[196, 125, 125, 125]"
6c2c2e06-6971-463f-ab69-bbae33568606,[20]
6c2f070c-6ea7-476e-93be-4dc7080d586a,"[10, 11, 2, 3, 1, 14, 16, 17, 1, 15, 1, 8, 6, 13, 4, 9, 7, 12, 5]"
6c311de9-d23b-4e1c-803d-7713845d6b27,"[10, 11, 2, 3, 1, 14, 16, 17, 15, 8, 6, 13, 4, 9, 7, 12, 5]"
6c31546a-4c61-4350-9e99-67c9dac81c43,"[10, 11, 2, 3, 1, 14, 16, 17, 1, 15, 8, 6, 13, 4, 9, 7, 12, 5]"
6c32e9ba-0393-480a-804b-60833dc84df7,[20]
6c5f6906-0acc-490e-ba57-44946ef7c57d,[20]
6c79d96e-72fd-42cc-9e24-02d892ceda8e,[20]
6c86324e-7e93-4114-b203-00162c4835ef,"[10, 11, 2, 16, 17, 1, 3, 15, 14, 8, 6, 13, 4, 9, 7, 12, 5]"
6c907020-7365-4ffc-b98f-a38a7a7236da,"[10, 11, 2, 3, 1, 14, 16, 17, 1, 15, 8, 6, 13, 4, 9, 7, 12, 5]"
6caea345-bd3c-409e-9d18-fa7a36aaadde,"[10, 11, 2, 3, 1, 14, 16, 17, 1, 15, 8, 6, 13, 4, 9, 7, 12, 5]"
6cb38e39-e788-43cb-9edb-40c0d36115b0,"[10, 11, 2, 3, 1, 14, 16, 17, 1, 15, 8, 6, 13, 4, 9, 7, 12, 5]"
6d1ff7ce-ffbe-45ba-bc3a-1005f6dd606f,"[302, 74, 74, 74]"
6d346341-afcc-4e37-83b9-b3d625759bd6,"[10, 11, 2, 16, 17, 1, 3, 15, 14, 8, 6, 13, 4, 9, 7, 5, 12]"
6d5843ab-8f24-44ca-9c9b-e833b9c889f1,"[10, 11, 2, 3, 1, 14, 16, 17, 1, 15, 8, 6, 13, 4, 9, 7, 12, 5]"
6d58deaf-f7b4-4476-9345-6f75e478583f,"[10, 11, 2, 16, 17, 1, 3, 15, 14, 8, 6, 13, 4, 9, 7, 12, 5]"
6d66620b-ef93-469e-8e73-db02452ae65c,"[10, 11, 2, 16, 17, 1, 3, 15, 14, 8, 6, 13, 4, 9, 7, 12, 5]"
6d6cdc6a-adfe-4b04-a8cf-77ed5034c922,"[10, 11, 2, 3, 1, 14, 16, 17, 1, 15, 8, 6, 13, 4, 9, 7, 12, 5]"
6d844010-8163-455c-954b-cabdfc68de4a,"[10, 11, 2, 16, 17, 1, 3, 14, 15, 1, 8, 6, 13, 4, 9, 7, 12, 5]"
6d84db49-cf47-44db-bf6b-40b06b949546,"[10, 11, 2, 3, 1, 14, 16, 17, 15, 8, 6, 13, 4, 9, 7, 12, 5]"
6da25b3c-5ec7-4cd5-bae9-813121113661,"[10, 11, 2, 3, 1, 14, 16, 17, 1, 15, 8, 6, 13, 4, 9, 7, 5, 12]"
6dc2bf7b-f38d-42a6-ac4b-d89d6eb39df9,[20]
6dc467a1-8b76-4566-9d29-ef3dc6d1b5be,"[186, 130, 130, 130]"
6dca220e-b144-40d1-bc14-6a4c4ae24b54,[20]
6dda5b7f-0a23-493b-8ad5-8dfad72c851b,"[10, 11, 35, 13, 4, 42, 8, 6, 4, 9, 7, 12]"
6dde0f45-e16a-448d-a66f-61fe76374132,[20]
6def45c7-598d-4775-9034-4deca6812f7a,"[267, 96, 96, 96]"
6df7a98b-87ef-4660-a814-353ee252e857,[20]
6df8ef0b-26ca-4d19-826f-ca19d8fe11a6,"[10, 11, 2, 3, 1, 14, 16, 17, 15, 8, 6, 13, 4, 9, 7, 12, 5]"
6e0540a1-de02-429e-97da-0fd976ef7665,"[10, 11, 2, 3, 1, 14, 16, 17, 1, 15, 8, 6, 13, 4, 9, 7, 12, 5]"
6e251ec1-0f69-45a9-9a3e-e6f1768151cb,"[10, 11, 2, 3, 1, 14, 16, 17, 1, 15, 8, 6, 13, 4, 9, 7, 12, 5]"
6e578e53-4bc9-48fd-839c-9aaa929ec412,"[318, 62, 62, 62]"
6e5e3697-1d2f-478a-97a8-8e8d0a9b4805,"[10, 11, 2, 3, 1, 14, 16, 17, 15, 8, 6, 13, 4, 9, 7, 12, 5]"
6ebea1ba-6f82-4c3c-8390-d4365e7f86ac,"[10, 11, 2, 3, 1, 14, 16, 17, 1, 15, 8, 6, 13, 4, 9, 7, 12, 5]"
6ee55856-d06a-47da-a449-2d5d0dd56598,"[10, 11, 2, 16, 17, 1, 3, 15, 14, 8, 6, 13, 4, 9, 7, 12, 5]"
6f5cb51d-a76e-44a7-90f2-293a014aada2,[20]
6f98bde1-76e8-47ad-971c-e194e8c121bb,"[10, 11, 2, 3, 1, 14, 16, 17, 1, 15, 8, 6, 13, 4, 9, 5, 7, 12]"
6faa20a2-8c7b-4eea-9137-85147676efd8,"[10, 11, 35, 13, 4, 8, 6, 4, 9, 7, 12]"
6fc9d379-d327-4b03-9d89-091660012169,"[10, 11, 2, 3, 1, 13, 4, 25, 8, 6, 4, 9, 27, 26, 7, 12, 5]"
6fcbef72-62f6-4c64-9e19-83a0628a25e4,[20]
6fd384af-0e2f-44db-8f18-244880a13669,"[10, 11, 2, 3, 1, 13, 4, 25, 8, 6, 4, 9, 27, 26, 7, 12, 5]"
700b8014-fbb8-4c68-aa74-aed295fb4e59,"[10, 11, 35, 13, 4, 42, 8, 6, 4, 9, 43, 7, 12]"
702877a9-5a50-4f95-adf7-5d27105e11f9,"[10, 11, 2, 3, 1, 14, 16, 17, 15, 8, 6, 13, 4, 9, 5, 7, 12]"
70512c81-6555-4fe9-9ef2-0a3ef0daa902,[20]
706fc040-046d-4f79-bbb8-c034d3b6be39,"[10, 11, 2, 2, 16, 17, 1, 3, 15, 14, 3, 14, 23]"
70705d45-0323-4569-ae7b-9e490247bd12,"[10, 11, 2, 3, 1, 13, 4, 25, 8, 6, 4, 9, 27, 26, 7, 12, 5]"
707545c2-465b-48c9-8391-3b49792e1e1c,[20]
70894edb-cf49-44c7-a1d3-ed86072909e3,"[10, 11, 48, 13, 4, 142, 8, 6, 4, 9, 177, 7, 12]"
709900d6-2875-458c-9647-23c3f28b7e10,"[10, 11, 2, 3, 1, 13, 4, 25, 8, 6, 4, 9, 27, 26, 7, 12, 5]"
70c56bcb-d3e1-4a7b-bb22-6052bc029500,[20]
70f15985-d112-41db-9fb3-5cd532d517f8,"[10, 11, 2, 3, 1, 14, 16, 17, 15, 8, 6, 13, 4, 9, 5, 7, 12]"
70f4fb3c-f207-4ace-ab6e-8c03ef7b1f09,"[10, 11, 2, 3, 1, 14, 16, 17, 1, 15, 8, 6, 13, 4, 9, 7, 12, 5]"
713ec47c-f5fe-4496-a8c2-a31740dffcf3,"[10, 11, 2, 3, 1, 13, 4, 25, 8, 6, 4, 9, 27, 26, 7, 12, 5]"
71471148-a6ab-4991-b1ed-261dfb854007,"[10, 11, 2, 3, 1, 14, 16, 17, 1, 15, 8, 6, 13, 4, 9, 7, 12, 5]"
7148a210-9277-4ec4-90c7-2d4ff859bf19,[20]
7155849f-8006-4305-b85a-f3ed57a6b27f,"[10, 11, 2, 16, 17, 1, 3, 15, 14, 8, 6, 13, 4, 9, 7, 12, 5]"
71e11e72-4fb6-44b8-872e-255fa03c577c,"[10, 11, 2, 3, 1, 14, 16, 17, 1, 15, 8, 6, 13, 4, 9, 7, 12, 5]"
71f76aa4-3dbc-4e22-ab8f-c46f4d87ddee,"[10, 11, 2, 16, 17, 15, 1, 3, 14, 8, 6, 13, 4, 9, 7, 12, 5]"
72339478-c49d-40f3-bc27-4e381ca2444e,"[10, 11, 2, 3, 1, 14, 16, 17, 1, 15, 8, 6, 13, 4, 9, 7, 12, 5]"
725c7727-cc47-4f77-9f81-d3c62a20cc85,"[10, 11, 2, 3, 1, 14, 16, 17, 1, 15, 8, 6, 13, 4, 9, 22, 7, 12, 5]"
72650118-7adb-4e7c-8857-476137c1096f,"[10, 11, 2, 16, 17, 1, 3, 15, 14, 8, 6, 13, 4, 9, 7, 12, 5]"
726cb26b-e859-4094-b374-d1f0d189a6be,"[10, 11, 2, 3, 14, 16, 17, 15, 8, 6, 13, 4, 9, 7, 12, 5]"
72757fa4-7c35-47af-a960-4e124d9d0b3b,[20]
7282b7ed-854f-4b43-8b73-986da853e1cb,[20]
729ccb8f-4b58-45ed-b67e-48c865756115,"[10, 11, 2, 3, 1, 14, 16, 17, 1, 15, 8, 6, 13, 4, 9, 7, 12, 5]"
729f6d7f-9056-4dd9-9d30-21298cdb2a6b,[20]
72aa67f1-885d-471e-b86e-d9fead9671f5,[20]
72b20938-6baf-4502-98ce-3c2a6184f9f1,"[246, 113, 113, 113]"
72c48809-cc3c-4749-9a72-96a1e38e4438,"[10, 11, 2, 3, 1, 14, 16, 17, 1, 15, 8, 6, 13, 4, 9, 7, 12, 5]"
72cd0cff-8f78-45a4-a993-667440750eb4,[20]
7302f31f-0b98-4f86-8bb7-c590d6787ff0,"[10, 11, 2, 16, 17, 1, 3, 15, 14, 8, 6, 13, 4, 9, 7, 12, 5]"
730ddcd6-0280-4083-a0fe-dd1c72d6585d,"[10, 11, 2, 16, 17, 1, 3, 14, 15, 8, 6, 13, 4, 9, 7, 12, 5]"
739f54aa-84a8-47e7-a5ea-dddda82849fa,"[273, 89, 89, 89]"
73eedbab-081e-44da-93ca-07a16b20bd9c,"[10, 11, 2, 3, 1, 14, 16, 17, 1, 15, 8, 6, 13, 4, 9, 22, 5, 7, 12]"
73ef2436-e474-440d-b833-428244f1707e,[20]
740aa66f-a4b8-43f7-9237-927aa17c4f41,"[10, 11, 2, 16, 17, 1, 3, 15, 14, 8, 6, 13, 4, 9, 22, 7, 12, 5]"
74663707-aee3-40f7-adcc-19415d3d25c2,"[10, 11, 2, 3, 1, 14, 16, 17, 1, 15, 8, 6, 13, 4, 9, 7, 12, 5]"
74859261-9632-4fa1-9a66-e8ce5ec1844e,"[10, 11, 2, 2, 2, 2, 3, 3, 3, 3, 1, 1, 1, 28, 1, 23, 5, 5, 5, 5, 1, 1, 1, 1, 29, 13, 4, 25, 8, 6, 4, 9, 27, 26, 7, 12, 8, 6, 4, 9, 7]"
749729f3-0ddf-4927-8800-2706c567624f,"[10, 11, 2, 3, 1, 14, 16, 17, 15, 8, 6, 13, 4, 36, 9, 5, 7, 12, 1]"
74dc57a4-508c-456c-903d-9b3d3eac6539,"[272, 87, 87, 87]"
751497b6-3ff0-4537-954e-8e5bd1aee69a,"[10, 11, 2, 3, 1, 14, 16, 17, 15, 1, 8, 6, 13, 4, 9, 5, 7, 12]"
751682e4-f421-47c2-9a09-13417a0bf00b,[20]
75189c1a-2e3b-4721-ac16-70803057c4e2,"[10, 11, 2, 16, 17, 1, 3, 15, 14, 8, 6, 13, 4, 9, 7, 12, 5]"
7569cbaf-0cdc-4cd9-932d-f37578b9e35c,"[10, 11, 2, 3, 1, 14, 16, 17, 15, 8, 6, 13, 4, 9, 5, 7, 12]"
758e70d1-c36c-414c-a6cf-a86787fa7f48,[20]
759c6652-5e60-4da9-ac37-0f337774162c,"[10, 11, 2, 3, 1, 14, 16, 17, 1, 15, 8, 6, 13, 4, 36, 9, 5, 7, 12]"
75b84990-6ef2-4e22-b937-acbccd625617,"[10, 11, 2, 3, 1, 13, 4, 25, 8, 6, 4, 9, 27, 26, 7, 12, 5]"
75cd876b-5ce1-4ea5-9437-9129e7c39428,"[10, 11, 2, 2, 3, 3, 166, 8, 6, 13, 4, 9, 7, 12, 5, 5]"
75f644d6-8836-486c-ae4d-15c6d8d3e58f,"[10, 11, 2, 3, 1, 14, 16, 17, 15, 1, 8, 6, 13, 4, 9, 7, 12, 5]"
762169d0-bddf-4105-939e-af42be36daad,"[10, 11, 2, 3, 1, 14, 16, 17, 1, 15, 8, 6, 13, 4, 9, 7, 12, 5]"
765b851c-eb7f-4768-8d40-86f5d8cfae0c,[20]
765bcee5-9acd-4f16-9313-0820e112dd7a,[20]
76bbeaed-fd8e-4fa9-b311-1b2cf0fc83e8,[20]
76cf51fe-3107-4d6a-b0c4-45223bd2a208,[20]
76fba675-886d-46e8-b8d4-e7b1a7b64a09,[20]
76fc5184-c835-4d90-83f8-fb12637e7abf,"[10, 11, 2, 3, 1, 14, 16, 17, 1, 15, 8, 6, 13, 4, 9, 5, 7, 12]"
77043cd0-5526-4b7f-9a1a-b38492e9dbfe,[20]
7735286e-a9f4-4151-82b2-d81deef1206e,"[10, 11, 2, 3, 1, 14, 16, 17, 1, 15, 8, 6, 13, 4, 9, 7, 12, 5]"
773b6615-e475-4ad6-88fc-73ade87f1a79,"[10, 11, 2, 3, 1, 13, 4, 25, 8, 6, 4, 9, 27, 26, 7, 12, 5]"
7762d427-98f2-4750-a0ed-d545e0839801,"[10, 11, 2, 16, 17, 1, 3, 14, 15, 8, 6, 13, 4, 9, 7, 12, 5]"
77c38bcc-5435-46a4-a7ee-3864e3051966,"[44, 10, 11, 2, 3, 1, 14, 16, 17, 1, 15, 8, 6, 13, 4, 9, 7, 12, 5]"
780b41bf-beaf-4191-82cd-aad0944572a0,"[10, 11, 2, 3, 1, 14, 16, 17, 1, 15, 1, 8, 6, 13, 4, 9, 7, 12, 5]"
7832c7d2-e538-4777-9fcd-7cf285c5d845,[20]
785f9906-2b04-4e54-ac75-715b5c5830bf,"[10, 11, 2, 16, 17, 1, 3, 14, 15, 8, 6, 13, 4, 9, 7, 12, 5]"
786d9268-7b58-472e-95f5-7773e3bc6b3f,"[10, 11, 2, 3, 16, 17, 14, 15, 8, 6, 13, 4, 9, 7, 12, 5]"
78826c3e-c072-43e2-bba5-a2abdb1e53ae,"[10, 11, 2, 3, 1, 14, 16, 17, 1, 15, 8, 6, 13, 4, 9, 7, 5, 12]"
78935b65-286b-4758-a4d5-aaaea60496f7,[20]
789bd19d-9118-424f-8950-2eb51e20c307,[20]
789f9baf-5a3e-44a0-a226-d6c05c32406c,[20]
78a6685b-37ef-428f-804f-09271abc7c34,[20]
78b15a61-1e57-4265-9c10-51b9254fffe4,[20]
78ce45aa-3f62-4852-969f-2f7e718188bb,[20]
7917c8e7-bd58-49a9-9200-7d5bf89538b3,"[10, 11, 2, 16, 17, 1, 3, 14, 15, 8, 6, 13, 4, 9, 7, 12, 5]"
7970c066-1370-4844-9a50-3365d26ed6fb,"[10, 11, 2, 3, 1, 14, 16, 17, 1, 15, 8, 6, 13, 4, 9, 7, 12, 5]"
7981a3fa-add2-484e-8acc-6a04ac771625,"[10, 11, 2, 3, 1, 14, 16, 17, 15, 8, 6, 13, 4, 9, 7, 12, 5]"
79bf224f-e3ad-401a-a35a-101890313e48,"[10, 11, 2, 3, 1, 14, 16, 17, 1, 15, 8, 6, 13, 4, 9, 7, 12, 5]"
79e9653e-c204-4ed4-a8c4-038510e0bddb,"[10, 11, 2, 3, 16, 17, 14, 1, 15, 8, 6, 13, 4, 9, 7, 12, 5]"
79f663eb-ad8f-4f70-a0e6-2548504e62e8,[20]
7a500a9f-c94e-4e99-b83b-595179e6310e,"[10, 11, 2, 16, 17, 3, 15, 14, 8, 6, 13, 4, 9, 7, 12, 5]"
7a6a21ae-3542-4a2a-8c25-324568be1a3e,"[10, 11, 2, 3, 1, 14, 16, 17, 1, 15, 8, 6, 13, 4, 9, 7, 12, 5]"
7a80e935-c518-4f4e-a471-b4a3aa4a82ca,"[244, 172, 172]"
7a90239e-d927-4fe1-95b2-dd90946353dd,"[10, 11, 2, 2, 2, 2, 3, 3, 3, 3, 1, 14, 1, 1, 14, 14, 16, 17, 1, 14, 1, 1, 15, 1, 23, 5, 5, 5, 5, 32, 32, 32, 32, 31, 31, 31, 31, 39, 38, 39, 6, 38, 6, 8, 6, 13, 4, 9, 34, 7, 12]"
7a9bd7e3-ca9c-4829-807a-380827c62343,[20]
7aa7b895-a326-4e7c-97a3-7824c2006599,"[222, 102, 102, 102]"
7ae69125-5ae6-4030-9562-469ee062cbdb,[20]
7af03d13-0749-4689-a462-1963d34d622b,"[10, 11, 2, 3, 1, 14, 16, 17, 1, 15, 8, 6, 13, 4, 9, 7, 12, 5]"
7b0560e3-d725-4ced-8a21-88c9536cb206,[20]
7b0d5c85-c06a-463f-b5cb-2dec591aebfa,"[10, 11, 2, 3, 1, 14, 16, 17, 1, 15, 8, 6, 13, 4, 9, 7, 12, 5]"
7b25fa71-bfc2-4207-906d-2cedcfaccd47,"[182, 58, 58, 58]"
7b2fba9b-5eb8-4451-921c-da2b0b0c5ceb,[20]
7b3f921e-dde6-4207-b7b6-ca6946c0c916,"[10, 11, 2, 16, 17, 15, 1, 3, 14, 8, 6, 13, 4, 9, 22, 7, 12, 5]"
7b6edc66-b49e-4202-9f0e-26551e4cbc32,"[10, 11, 2, 16, 17, 1, 3, 15, 1, 14, 8, 6, 13, 4, 9, 5, 7, 12]"
7ba5536f-8681-40c6-9cdd-d7a011e6c6cc,"[10, 11, 2, 3, 1, 14, 16, 17, 1, 15, 8, 6, 13, 4, 9, 7, 12, 5]"
7bf0c117-9f64-4f77-98e7-ad806a8707c7,[20]
7bf7f7af-959c-429a-b0f4-b736733759ea,"[10, 11, 2, 16, 17, 1, 3, 15, 14, 8, 6, 13, 4, 9, 7, 5, 12]"
7c08cde5-3b03-492b-ba90-d79e3786f8d2,"[322, 66, 66, 66]"
7c2b76c4-41fa-444c-a7e0-72ece2ebb5f8,"[10, 11, 2, 16, 17, 1, 3, 14, 15, 8, 6, 13, 4, 9, 7, 5, 12]"
7c43afd4-4179-4545-85e9-057dea9fabeb,"[10, 11, 2, 3, 1, 14, 16, 17, 1, 15, 8, 6, 13, 4, 9, 7, 12, 5]"
7c724be9-b726-4d94-9ab5-0a2dee46511a,"[195, 68, 68, 68]"
7ceab234-fdde-48e0-ac6f-a09cfd2dbc67,[20]
7d178475-0a80-4a1f-9b27-1c71830f1ebe,"[10, 11, 2, 16, 17, 1, 3, 14, 15, 8, 6, 13, 4, 9, 7, 12, 5]"
7d28b25b-5dc1-4983-b79f-fdbb99303eb7,"[10, 11, 2, 16, 17, 1, 3, 14, 15, 8, 6, 13, 4, 9, 7, 12, 5]"
7d4e256d-ac82-4e2c-9571-2fa574bbb74e,"[10, 11, 2, 16, 17, 1, 3, 15, 14, 1, 8, 6, 13, 4, 9, 7, 12, 5]"
7d52e1da-8b10-4180-811e-f6b0d785faf4,"[10, 11, 2, 3, 1, 14, 16, 17, 1, 15, 8, 6, 13, 4, 9, 7, 12, 5]"
7d865576-cd81-4206-84a8-7c6ee380e29d,"[10, 11, 2, 16, 17, 15, 1, 3, 14, 8, 6, 13, 4, 9, 7, 12, 5]"
7dfd4bd4-857c-4ec2-a939-43306c09d32f,[20]
7dfef516-61b3-4f9f-b5d9-0efebb1d1e6d,"[10, 11, 2, 3, 1, 14, 16, 17, 1, 15, 8, 6, 13, 4, 9, 7, 12, 5]"
7e6db64e-8e35-4425-9d87-15a4639a4cf6,[20]
7e95473d-7602-4e51-a383-19cddf7474cc,"[10, 11, 2, 16, 17, 1, 3, 14, 15, 8, 6, 13, 4, 9, 5, 7, 12]"
7ecdfa45-7e0a-4349-9d44-11640bef6cfd,"[10, 11, 2, 3, 1, 14, 16, 17, 15, 8, 6, 13, 4, 9, 7, 12, 5]"
7edc4da3-09f5-4c03-b00c-fb3a4b059e62,"[10, 11, 2, 16, 17, 1, 3, 14, 15, 8, 6, 13, 4, 9, 5, 7, 12]"
7ee0fbd9-a4aa-4020-a3f4-23400f6c17a0,"[10, 11, 28, 2, 2, 2, 2, 3, 3, 3, 3, 1, 1, 1, 1, 23, 5, 5, 5, 5, 1, 1, 1, 1, 29, 13, 4, 25, 8, 6, 4, 9, 27, 26, 7, 12, 8, 6, 4, 9, 7]"
7ef4ed11-8047-4645-8af0-cf89d7532466,"[10, 11, 2, 3, 1, 14, 16, 17, 1, 15, 8, 6, 13, 4, 9, 7, 12, 5]"
7f006284-8c6a-4869-84d7-2a4f407137a9,"[10, 11, 2, 3, 1, 14, 16, 17, 1, 15, 8, 6, 13, 4, 9, 7, 12, 5]"
7f0a65f5-e51e-42b0-911b-b5638450086e,"[10, 11, 2, 16, 17, 1, 3, 15, 14, 8, 6, 13, 4, 9, 7, 12, 5]"
7f1bf581-38ca-4395-82cb-7039facee46a,"[10, 11, 2, 16, 17, 1, 3, 15, 14, 8, 6, 13, 4, 9, 7, 12, 5]"
7f1c2fd9-0a57-4d9b-9ecf-1697a3f7197c,[20]
7f3c6946-26b0-4491-aca5-ea94f2aeeb5b,[20]
7f635b1b-b889-4fc2-8c99-f88ae93cb317,[20]
7f6762d3-cfce-4616-8432-99ab7213bc86,"[10, 11, 2, 16, 17, 1, 3, 15, 14, 8, 6, 13, 4, 9, 5, 7, 12]"
7f843877-5231-4eaa-8f3d-432f382c0a71,"[10, 11, 2, 3, 1, 14, 16, 17, 1, 15, 1]"
7f88e2b2-e0d5-4dbf-a647-3fdfc9942cff,"[10, 11, 2, 3, 1, 14, 16, 17, 1, 15, 8, 6, 13, 4, 9, 7, 12, 5]"
7f8c1025-6da3-44b2-8720-c092f1fc1057,"[10, 11, 2, 3, 1, 14, 16, 17, 1, 15, 1, 8, 6, 13, 4, 9, 5, 7, 12]"
7fa002cb-1cda-4531-a130-d4b8efcc4e24,"[231, 249]"
7fae1591-2cea-45d9-bb46-2988a39f3c52,[20]
7fb9e6ec-4b41-4737-9a75-3bf13e4f3f0f,"[283, 83, 83, 83]"
7fc59bdf-df8a-477b-97c8-7ee759748854,[20]
7fda8654-22e6-44cc-965b-af6e19454bcd,[20]
7fe8144d-9dc6-45eb-a3c7-0e0ae865166a,"[10, 11, 2, 16, 17, 1, 3, 14, 15, 8, 6, 13, 4, 9, 7, 12, 5]"
7fef9ed1-ca32-41fd-86c5-5da6113c5952,[20]
8038d52e-01ef-4e6d-968c-c57f540e5b82,[20]
8046baa6-ecf1-4249-9c21-42dc1242d42a,"[10, 11, 2, 3, 1, 14, 16, 17, 1, 15, 8, 6, 13, 4, 9, 7, 12, 5]"
805cd29f-6954-412d-8a11-c5acec833fce,[20]
8069d8df-8f25-4db7-831a-9f1daf413912,"[10, 11, 2, 3, 1, 14, 16, 17, 1, 15, 8, 6, 13, 4, 9, 7, 12, 5]"
808035ec-6427-41b0-8873-b770f78cb099,"[10, 11, 2, 3, 1, 14, 16, 17, 1, 15, 8, 6, 13, 4, 9, 7, 22, 12, 5]"
80cd044d-b8f2-4dab-b6b3-1e95b6e1355d,"[10, 11, 35, 13, 4, 42, 8, 6, 4, 9, 43, 7, 12]"
80e343a9-aef6-4a50-819e-10024d2bdb39,[20]
8129d76f-220e-45fb-b126-8906ebb5ce7d,"[10, 11, 2, 3, 1, 14, 16, 17, 1, 15, 8, 6, 13, 4, 9, 7, 5, 12]"
81531580-9169-49cc-8b17-e8ba8c824237,"[10, 11, 2, 3, 1, 14, 16, 17, 1, 15, 8, 6, 13, 4, 9, 7, 12, 5]"
81767b47-bff9-489f-8cf0-f8e41caf89f8,[20]
817c7775-5390-4f1d-a1c9-107e28eecfff,"[10, 11, 2, 3, 1, 14, 16, 17, 1, 15, 8, 6, 13, 4, 9, 7, 12, 5]"
817cb9f2-dbc7-49f9-b92c-f29065998d85,[20]
8191edca-f070-403f-857a-887e7484f0e1,"[10, 11, 2, 16, 17, 1, 3, 15, 14, 1, 8, 6, 13, 4, 9, 7, 5, 12]"
8192614e-4a86-47cc-ae07-2e06dcd54908,"[10, 11, 2, 2, 2, 28, 2, 3, 3, 3, 3, 1, 1, 1, 1, 23, 5, 5, 5, 5, 1, 1, 1, 1, 1, 8, 6, 13, 4, 9, 7, 12, 29, 4, 33, 8, 6, 4, 9, 7]"
81a536af-1f03-44d3-bc5d-4e249d672b93,[20]
81b427ac-bbfb-4997-8382-f44fe1ed5e00,"[10, 11, 2, 3, 1, 14, 16, 17, 15, 8, 6, 13, 4, 9, 22, 7, 12, 5]"
81f4d5a8-b9f2-4d3a-9e60-21bacea96a42,[20]
82086707-03f2-4587-bd03-59289ff6915b,[20]
820eb1d9-1dc8-4acf-b1c0-de2f303074a2,"[214, 117, 117, 117]"
82439c33-cf22-4c6b-a80f-4bd517fb58eb,"[10, 11, 2, 16, 17, 1, 3, 14, 15, 8, 6, 13, 4, 9, 22, 7, 5, 12]"
8268a1bf-381f-4654-ad9a-63688c557aab,"[10, 11, 2, 2, 2, 2, 3, 3, 3, 3, 1, 1, 1, 1, 28, 23, 5, 5, 5, 5, 1, 1, 1, 1, 1, 29, 13, 4, 25, 8, 6, 4, 9, 27, 26, 7, 12, 1]"
82a86d7a-af10-48b5-9993-6c3821b04c16,"[10, 11, 2, 2, 2, 2, 16, 17, 1, 3, 14, 1, 3, 1, 3, 15, 14, 3, 14, 14, 23, 5, 5, 5, 5, 32, 32, 32, 32, 31, 31, 31, 31, 38, 39, 39, 6, 38, 6, 8, 6, 13, 4, 9, 34, 7, 12]"
82adc88b-a28d-4eb5-a665-189e800bc891,"[10, 11, 2, 3, 1, 14, 16, 17, 1, 15, 8, 6, 13, 4, 36, 9, 7, 12, 5]"
82bd860d-f7be-4c32-8ec6-27e03ca2f716,[20]
82bf1d7e-9476-4d04-97c9-c63b2dbdced4,[20]
82d9f76e-7f2d-4a28-8470-0d9cf07e9b04,"[10, 11]"
82fe9bbc-7487-4032-9bdd-f182cdeb3e12,"[218, 138, 138, 138]"
8311c581-c2b1-4dd1-b734-6f29997f8d92,"[10, 11, 2, 3, 16, 17, 1, 14, 15, 8, 6, 13, 4, 9, 7, 5, 12]"
8318a6e3-045c-49c1-ae56-3ad80da27a7f,[20]
8323a51a-f716-4c57-a3f6-6ce4efc9d82b,"[325, 116, 116, 116]"
83279940-1412-4782-9dd2-7c7a7d50d1f4,"[10, 11, 2, 2, 2, 28, 2, 3, 3, 3, 3, 1, 1, 1, 1, 23, 5, 5, 5, 5, 1, 1, 1, 1, 8, 6, 13, 4, 9, 34, 7, 12, 29, 4, 33, 8, 6, 4, 9, 7]"
8327ce4e-4f62-4952-b164-5cbdd89b440e,[326]
8362ebf3-7201-4042-ab33-8143e9387951,"[10, 11, 2, 3, 1, 14, 16, 17, 15, 8, 6, 13, 4, 9, 7, 12, 5]"
83c925f5-90b3-4652-9cb0-f218abd93cb9,[20]
83f28cce-d0c7-4133-9ad9-7a0b9964f7ad,"[10, 11, 2, 3, 16, 17, 14, 1, 15, 1, 8, 6, 13, 4, 9, 7, 12, 5]"
84155264-0351-4405-8094-737b9aff6234,"[323, 67, 67, 67]"
84198753-69b0-4fd9-84d2-bce946bf366e,"[10, 11, 2, 3, 1, 14, 16, 17, 1, 15, 8, 6, 13, 4, 9, 7, 12, 5]"
8435f2d1-f021-482f-9406-ebf2ceb5f845,"[10, 11, 2, 3, 1, 14, 16, 17, 1, 15, 8, 6, 13, 4, 9, 7, 12, 5]"
8443c3ad-6021-470e-ae85-8d69dcd5278c,"[228, 126, 126, 126]"
845f1030-7449-4dda-82ed-9fa192b36277,"[10, 11, 2, 16, 17, 1, 3, 14, 15, 1, 8, 6, 13, 4, 9, 7, 12, 5]"
846a1111-37e5-4543-8295-1b1e7f3b37f4,"[10, 11, 2, 3, 1, 14, 16, 17, 1, 15, 8, 6, 13, 4, 9, 7, 12, 5]"
84ae0e17-747c-4456-8c7a-25cecbd79188,"[10, 11, 2, 16, 17, 1, 3, 14, 15, 8, 6, 13, 4, 9, 5, 7, 12]"
84bcdee9-835d-4375-a895-1fc4edebf6f9,[20]
84dd0e42-11df-4ed9-8426-4443b8e3a1f1,"[10, 11, 2, 16, 17, 15, 3, 14, 8, 6, 13, 4, 9, 7, 12, 5]"
84f0ff84-e579-4101-9109-050cb720210f,"[10, 11, 2, 3, 1, 14, 16, 17, 1, 15, 8, 6, 13, 4, 9, 7, 12, 5]"
8500a3cc-7d1a-470c-b259-ff01df2568a7,[20]
8505e839-8c3f-40a0-8eff-41c36ba17e9d,"[10, 11, 2, 16, 17, 15, 1, 3, 14, 8, 6, 13, 4, 9, 36, 7, 5, 12]"
85436be9-793b-41f1-a733-0617f91252f5,[20]
856a162e-99b7-4095-bf29-0ef96a163946,[20]
8575d374-d05a-4965-b02d-64370c6cd951,"[10, 11, 2, 3, 1, 14, 16, 17, 1, 15, 8, 6, 13, 4, 9, 22, 7, 12, 5]"
8576d74e-13c6-4323-9370-5dfbca6119db,"[10, 11, 2, 3, 1, 14, 16, 17, 15, 1, 8, 6, 13, 4, 9, 22, 7, 45, 12, 5]"
8580ad0f-02ca-46ee-b9f0-6f52807c1a41,"[10, 11, 2, 16, 17, 1, 3, 15, 14, 8, 6, 13, 4, 9, 7, 5, 12]"
858faffb-c961-49bf-8835-ff53d79b105d,[20]
85918e9d-3557-49c1-b39c-c9c141fbd752,"[10, 11, 2, 16, 17, 1, 3, 14, 15, 8, 6, 13, 4, 9, 7, 12, 5]"
85eca0f0-167a-431c-ae82-e41836e87e3c,[20]
86079f0c-966c-49f8-8d86-6bb6bb5bef72,"[10, 11, 2, 3, 1, 14, 16, 17, 1, 15, 8, 6, 13, 4, 9, 5, 7, 12]"
86289460-424a-41b7-b8a3-95983c4f11ba,"[241, 111, 111, 111]"
8657281b-be62-4aa1-b4a0-54a1a14ba588,"[10, 11, 2, 3, 1, 13, 4, 25, 8, 6, 4, 9, 27, 26, 7, 12, 5]"
868edbd1-0f2a-4b56-a167-4b830770dc7f,"[10, 11, 2, 3, 1, 14, 16, 17, 1, 15, 8, 6, 13, 4, 9, 7, 12, 5]"
86d8e070-d23d-4ab2-8d23-e45e58816e34,"[10, 11, 2, 16, 17, 1, 3, 15, 14, 8, 6, 13, 4, 9, 7, 12, 5]"
87412ef3-4cb5-4093-9cb6-a4fd38fec06a,"[10, 11, 2, 3, 1, 14, 16, 17, 1, 15, 8, 6, 13, 4, 9, 7, 12, 5]"
8758f5e6-4479-4042-81b0-76ce42479575,[20]
87599f7f-93d4-4854-b5ee-d536177243a3,"[10, 11, 2, 16, 17, 1, 3, 14, 15, 1, 8, 6, 13, 4, 9, 5, 7, 12]"
875a8a64-dcc2-4b74-af19-22114fb84c1d,"[10, 11, 2, 16, 17, 1, 3, 14, 15, 8, 6, 13, 4, 9, 7, 12, 5]"
87b2ac98-31b2-435a-862c-e1ae0f25f0a8,"[10, 11, 2, 16, 17, 1, 3, 14, 15, 8, 6, 13, 4, 9, 7, 12, 5]"
87b4fba0-a60d-4253-85a2-720a9f0b463d,[20]
8854bba7-5436-4584-aee8-6e668ab383d9,"[44, 10, 11, 2, 16, 17, 1, 3, 15, 14, 8, 6, 13, 4, 9, 7, 12, 5]"
8866dff0-f38e-49d2-a355-8b51ed1755fa,"[10, 11, 2, 3, 1, 14, 16, 17, 1, 15, 8, 6, 13, 4, 9, 7, 12, 5]"
88823a42-9e07-42f7-9cd7-ee7576da30cc,"[10, 11, 2, 16, 17, 15, 3, 14, 8, 6, 13, 4, 9, 7, 12, 5]"
88cb5888-62b6-46c8-845d-3d41f51d6104,"[10, 11, 2, 16, 17, 15, 3, 14, 8, 6, 13, 4, 9, 7, 12, 5]"
88e23ffe-5f19-4f54-abd7-1e2ebcadce8d,"[10, 11, 28, 2, 2, 2, 2, 3, 3, 3, 3, 1, 1, 1, 1, 23, 5, 5, 5, 5, 1, 1, 1, 1, 1, 1, 29, 13, 4, 25, 8, 6, 4, 9, 27, 26, 7, 12, 8, 6, 4, 9, 7]"
88ee7b9c-39b8-426f-ac29-b5872959d713,[20]
8947b841-1c9f-4ec6-819d-e701e7d4da48,"[10, 11, 2, 2, 3, 8, 3, 6, 13, 4, 9, 7, 12, 5, 5]"
8951ebec-7678-4f95-b8f5-77cff9828edf,"[10, 11, 2, 16, 17, 1, 3, 14, 15, 1, 8, 6, 13, 4, 9, 7, 5, 12]"
896a4ada-544f-49bb-93df-e78f2b7031de,[20]
89a86d89-664a-4824-9206-6eff46942894,[20]
89b36159-a3a6-4b3d-b97d-db8c89fb3b08,[20]
89d08a6d-28cf-49c4-a165-881d87a22a2f,"[10, 11, 2, 2, 2, 2, 3, 3, 3, 3, 28, 1, 1, 1, 1, 23, 5, 5, 5, 5, 1, 1, 1, 1, 1, 29, 13, 4, 25, 8, 6, 4, 9, 27, 26, 7, 12, 8, 6, 4, 9, 7, 1]"
8a24ff68-2b3d-4c7d-b18e-c72300936a01,"[10, 11, 2, 16, 17, 1, 3, 14, 15, 8, 6, 13, 4, 9, 7, 12, 5]"
8a595ad4-9c4e-422d-95d2-42a767dc5726,"[10, 11, 2, 2, 2, 2, 3, 3, 3, 28, 3, 1, 1, 1, 1, 23, 5, 5, 5, 5, 1, 1, 1, 1, 8, 6, 13, 4, 9, 34, 7, 12, 29, 4, 33, 8, 6, 4, 9, 7, 1]"
8a8d0221-6ebd-416e-9d22-f9e6feff1152,"[10, 11, 35, 13, 4, 8, 6, 4, 9, 7, 12]"
8aa8687f-c8d1-4073-841c-9028bb17d123,[20]
8aad99d2-3ecf-4680-9588-98c95213939a,"[10, 11, 2, 3, 1, 14, 16, 17, 1, 15, 8, 6, 13, 4, 9, 7, 12, 5]"
8ab1dddf-b471-4676-a08a-a539cddb0709,"[198, 135, 135, 135]"
8b0b505e-a3f7-4319-a137-d8207b4c664a,[20]
8b400039-dd1f-4682-a23f-33d86a319e26,"[10, 11, 2, 16, 17, 15, 1, 3, 14, 8, 6, 13, 4, 9, 7, 12, 5]"
8b5e7d3d-9528-492b-94fa-cdfacc52c7ff,[20]
8b72bae0-1679-4f1a-8f88-e99e3f220073,"[10, 11, 2, 16, 17, 1, 3, 15, 14, 8, 6, 13, 4, 9, 7, 12, 5]"
8b7c736b-3e4f-453b-815d-47956be1d92b,[20]
8ba55491-e0f4-4571-8619-39231004c414,"[10, 11, 2, 3, 1, 14, 16, 17, 15, 8, 6, 13, 4, 9, 7, 12, 5]"
8bbd571a-136e-4e25-b798-b6dfc33571d4,"[10, 11, 2, 16, 17, 1, 3, 14, 15, 8, 6, 13, 4, 9, 7, 5, 12]"
8bbdea68-7f16-43ea-955e-52bc01377717,"[10, 11, 173, 13, 4, 8, 6, 4, 9, 7, 12]"
8bd0bf8f-4d92-47cb-b984-57ec1dd1b08d,"[10, 11, 28, 2, 2, 2, 2, 3, 3, 3, 3, 1, 1, 1, 1, 23, 5, 5, 5, 5, 1, 1, 1, 1, 8, 6, 13, 4, 9, 7, 34, 12, 29, 4, 33, 8, 6, 4, 9, 7]"
8bde345f-080b-4ec5-8499-1fd6352523f0,"[10, 11, 2, 16, 17, 1, 3, 14, 15, 8, 6, 13, 4, 36, 9, 7, 12, 5]"
8c67af02-74c4-4c20-a014-ce7f6c6407d9,"[10, 11, 2, 16, 17, 1, 3, 15, 14, 8, 6, 13, 4, 9, 7, 12, 5]"
8c70e843-42bd-4059-a62e-d82ae8b1003f,"[10, 11, 2, 16, 17, 1, 3, 15, 14, 8, 6, 13, 4, 9, 7, 12, 5]"
8ce29316-9a57-4aa4-8ea7-fb1fb054973c,"[10, 11, 2, 3, 1, 14, 16, 17, 1, 15, 8, 6, 13, 4, 9, 7, 12, 5]"
8cf63dd3-51b4-4643-803f-de40e487b701,[20]
8d04d300-1937-4f0d-a8aa-6e8c61f47ee8,"[10, 11, 2, 16, 17, 15, 1, 3, 14, 8, 6, 13, 4, 9, 7, 12, 5]"
8d2dea60-90f1-40f7-803d-a3f5a53a2846,"[10, 11, 2, 16, 17, 1, 3, 15, 14, 8, 6, 13, 4, 9, 7, 12, 5]"
8d34234a-1967-44b5-8d4d-d6cb8f21c60c,[20]
8d6612c0-1615-4c0d-9ba7-87aa4fd6a64b,[20]
8d8b6e30-625b-4fdf-8cab-db52ef1ae4d4,[20]
8d8d8252-884c-4b2d-95aa-a6cba7fcae95,"[10, 11, 2, 16, 17, 15, 1, 3, 14, 8, 6, 13, 4, 9, 7, 5, 12]"
8dae156d-dfec-4bc5-a69e-28f310c41dd6,"[10, 11, 2, 3, 1, 14, 16, 17, 1, 15, 8, 6, 13, 4, 9, 7, 12, 5]"
8dbcb638-1141-4ab8-b8fd-db7796c3395f,[20]
8dce10af-1be0-4bae-bca0-49dcfb426e0e,[20]
8dfddefd-7f9e-462d-8ffc-de5192a84d31,[20]
8e1bc3e8-2c5e-4875-9355-c809fce6ef90,[20]
8e26bad0-2a82-4a89-9652-71dedaae4d6d,"[10, 11, 2, 3, 1, 14, 16, 17, 1, 15, 8, 6, 13, 4, 9, 7, 12, 5]"
8e552338-4cbe-40bc-a68e-cb717a5cd36f,"[10, 11, 2, 3, 1, 13, 4, 25, 8, 6, 4, 9, 27, 26, 7, 12, 5]"
8e8caa05-4f58-4cb0-8a92-af70e5137359,"[10, 11, 2, 3, 1, 14, 16, 17, 1, 15, 8, 6, 13, 4, 9, 7, 12, 5]"
8ec4023f-bcc0-48c9-ad2c-1939597ea390,"[286, 82, 82, 82]"
8efa567f-8d48-4cca-9c29-5a1aa4424885,"[10, 11, 2, 3, 1, 14, 16, 17, 1, 15, 8, 6, 13, 4, 9, 22, 7, 12, 5]"
8f1931af-dae4-4be7-bc04-afd79a5172ba,[20]
8f2d4b86-84fc-4284-bdd2-8eb94917b168,"[10, 11, 2, 16, 17, 1, 3, 15, 14, 1, 8, 6, 13, 4, 9, 7, 12, 5]"
8f4915f9-a735-4014-ba84-b76b3b4c942b,"[10, 11, 2, 16, 17, 1, 3, 14, 15, 8, 6, 13, 4, 9, 7, 12, 5]"
8f586ae9-fabc-47dd-b850-a3a3cf6403b2,"[10, 11, 2, 3, 1, 13, 4, 25, 8, 6, 4, 9, 27, 26, 7, 12, 5]"
8f6e0fcd-be00-481e-ab11-6456e625d93d,"[10, 11, 2, 3, 1, 14, 16, 17, 1, 15, 1, 8, 6, 13, 4, 9, 7, 12, 5]"
8f955c84-9fb9-47a0-8cf6-00573ffe5c86,[20]
8fa412ab-d1d1-4615-b669-183a5629e7b0,"[10, 11, 2, 16, 17, 15, 3, 1, 14, 8, 6, 13, 4, 9, 7, 12, 5]"
8fc5a6b3-7f50-40ea-9922-378b289d8376,"[10, 11, 2, 3, 1, 14, 16, 17, 15, 8, 6, 13, 4, 9, 7, 12, 5]"
8fc99e87-d6e6-4d09-8c0c-19a734848957,"[10, 11, 2, 16, 17, 1, 3, 15, 14, 1, 8, 6, 13, 4, 9, 5, 7, 12]"
8fdac263-1845-446d-b780-b13d09bd3792,"[10, 11, 2, 16, 17, 1, 3, 14, 15, 8, 6, 13, 4, 9, 7, 12, 5]"
8ff2d5cc-6b00-4274-a87d-37df708f0646,"[261, 100, 100, 100]"
8ffc152b-a6ca-453d-8af7-2463801a21e5,"[10, 11, 2, 3, 1, 14, 16, 17, 1, 15, 8, 6, 13, 4, 9, 7, 12, 5]"
90062c10-64a3-473e-9650-3d13911ca41c,[20]
9028f218-b8e6-4ce2-b058-98cdcfde721d,"[262, 109, 109, 109]"
903a597f-f4cc-459f-a888-fa904721ebe8,"[10, 11, 173, 13, 4, 251, 8, 6, 4, 9, 252, 7, 12]"
90419b8c-39d8-4d8c-b7c0-fa2a8abb30a7,"[10, 11, 2, 16, 17, 1, 3, 14, 15, 8, 6, 13, 4, 9, 7, 12, 5]"
90ce7fc5-91fa-42cb-899b-74f84a5c5e38,"[44, 10, 11, 2, 16, 17, 1, 3, 15, 14, 8, 6, 13, 4, 9, 7, 12, 5]"
91043f24-db17-4917-85cc-1402df3d1911,[20]
91056f95-24df-46ac-991c-b16ccbae5dd9,[20]
911cdfc7-2043-416f-ae34-b3b80a24f534,"[10, 11, 2, 16, 17, 1, 3, 14, 15, 8, 6, 13, 4, 9, 7, 12, 5]"
9147a950-28ce-46d6-b973-8ced138adc56,"[10, 11, 2, 16, 17, 1, 3, 15, 14, 8, 6, 13, 4, 9, 7, 12, 5]"
91530882-fea9-4305-a6a3-7340d5a6ea74,"[10, 11, 28, 2, 2, 2, 2, 3, 3, 3, 3, 1, 1, 1, 1, 23, 5, 5, 5, 5, 1, 1, 1, 1, 1, 1, 1, 29, 13, 4, 25, 8, 6, 4, 9, 27, 26, 7, 12, 8, 6, 4, 9, 7, 1]"
9159c7e8-6d58-4492-8db3-00b306730162,[20]
916a200f-99d3-416b-b5e6-4157fcee0ae3,"[10, 11, 2, 16, 17, 1, 3, 15, 14, 8, 6, 13, 4, 9, 7, 12, 22, 5]"
91796ec6-0015-47c7-a37e-cb63d7584b30,"[194, 69, 69, 69]"
91820f6d-c146-407c-8145-58ca4f63d872,"[10, 11, 2, 16, 17, 15, 3, 14, 8, 6, 13, 4, 9, 7, 5, 12, 1]"
9186aa6b-707f-4d5c-94b9-64aa5652b6db,"[10, 11, 2, 16, 17, 1, 3, 15, 14, 8, 6, 13, 4, 9, 7, 12, 5]"
9191c3b7-7c69-44b7-95b0-c1a3bcbca5bd,"[10, 11, 2, 3, 1, 14, 16, 17, 1, 15, 8, 6, 13, 4, 9, 7, 5, 12]"
91cf3b66-1d09-493f-a55d-181ea95bbbcb,"[189, 122, 122, 122]"
9202a333-bddc-4528-822d-c495329fb8e1,"[10, 11, 2, 3, 1, 13, 4, 25, 8, 6, 4, 9, 27, 26, 7, 12, 5]"
920e7955-b82e-4672-904c-461bd9bb25b3,[20]
921eb95d-6271-4c10-a802-922dbe1bf43c,"[10, 11, 2, 3, 1, 14, 16, 17, 1, 15, 8, 6, 13, 4, 9, 7, 12, 5]"
922cfd4a-2c1d-4417-9a32-acbfccb7871a,"[10, 11, 2, 16, 17, 1, 3, 15, 14, 1, 8, 6, 13, 4, 9, 7, 12, 5]"
924c496b-549d-416a-bf9e-f6c0396e3f6a,[20]
926693bb-41b1-47c0-bbd0-4f2792bcfe8a,"[10, 11, 2, 16, 17, 1, 3, 15, 14, 8, 6, 13, 4, 9, 7, 12, 5]"
9297a8a4-4214-4b50-9ded-188f1db9ca86,"[10, 11, 2, 16, 17, 1, 3, 14, 15, 8, 6, 13, 4, 36, 9, 7, 5, 12]"
92b8ec88-a34f-45f4-af9f-1888e7e32e18,[20]
92f3bd5c-3dc6-4609-8f99-7995fe434327,"[10, 11, 2, 3, 1, 14, 16, 17, 1, 15, 8, 6, 13, 4, 9, 7, 12, 5]"
92fa5515-1035-43a8-9a4b-918c8337e4a0,"[269, 98, 98, 98]"
92faf9f9-e780-4022-9fd8-d43368a0d927,[20]
932ea237-e953-4ff7-a7ea-b05f15c8d0f3,"[10, 11, 2, 3, 1, 14, 16, 17, 1, 15, 8, 6, 13, 4, 9, 7, 12, 5]"
93631fa7-c4ee-430a-9c6a-7f9bd650df26,[20]
9381bd5d-ae8e-4380-94be-e875d86c504f,"[10, 11, 2, 3, 1, 14, 16, 17, 1, 15, 8, 6, 13, 4, 9, 7, 12, 5]"
938fe300-ccf6-4f4f-b2f2-a957f285c9d4,"[10, 11, 2, 16, 17, 1, 3, 14, 15, 8, 6, 13, 4, 9, 7, 12, 5]"
93a26439-4733-41ea-9fdd-bfaddcdc720f,[20]
93d7b1e2-4dcb-49b3-afd8-d4597750c8a9,"[10, 11, 35, 13, 4, 8, 6, 4, 9, 7, 12]"
93e01c9c-f144-4a1e-a038-49d5b0222654,"[10, 11, 2, 3, 1, 14, 16, 17, 1, 15, 8, 6, 13, 4, 9, 7, 12, 5]"
941a61fe-f34d-4461-a944-7aa5f084350c,"[10, 11, 2, 3, 1, 14, 16, 17, 1, 15, 8, 6, 13, 4, 9, 7, 12, 5]"
941fa9c7-af86-4961-bb11-559725820a2d,"[10, 11, 2, 3, 1, 14, 16, 17, 1, 15, 8, 6, 13, 4, 9, 7, 12, 5]"
9469e1ad-83a3-4da5-938c-5d3e20242730,"[10, 11, 35, 13, 4, 42, 8, 6, 4, 9, 43, 7, 12]"
948cdf51-41d0-4ac6-8152-a36d7c04036c,[20]
94c44397-4ffd-403c-800b-e11cf1ba1c1e,"[10, 11, 2, 16, 17, 1, 3, 14, 15, 8, 6, 13, 4, 9, 7, 12, 5]"
94d51168-04e5-40e6-80ab-e9180287133e,[20]
94ef5d76-8c6c-4a1f-b6fc-3d671ec84b73,[20]
94fa07fe-8d00-4a22-a3ab-f381a69d446b,"[10, 11, 2, 3, 1, 14, 16, 17, 1, 15, 1, 8, 6, 13, 4, 9, 7, 12, 5]"
9523ddb0-a7c1-4183-9245-7fa4d751a0f9,[20]
95626e68-3652-4e2f-b62b-72310ec0b13f,"[10, 11, 2, 16, 17, 1, 3, 15, 14, 8, 6, 13, 4, 9, 7, 12, 5]"
95883e27-b0f0-41ec-8240-39a6d44581c7,"[10, 11, 28, 2, 2, 2, 2, 3, 3, 3, 3, 1, 1, 1, 1, 23, 5, 5, 5, 5, 1, 1, 1, 1, 8, 6, 13, 4, 9, 34, 7, 12, 29, 4, 33, 8, 6, 4, 9, 7]"
958e0099-4d8f-4bc3-8600-5fddb8f00974,[20]
95c444fd-c778-4589-b373-247b9a96faac,"[10, 11, 2, 16, 17, 1, 3, 14, 15, 8, 6, 13, 4, 9, 7, 12, 5]"
9622f251-2b6c-4066-8fa3-89e72efad665,"[10, 11, 2, 3, 1, 14, 16, 17, 1, 15, 1, 8, 6, 13, 4, 9, 7, 12, 5]"
9623b173-cc12-46cc-89ae-128d79de5d53,[20]
962ddc9d-07d6-4125-8042-d6b9f64084e2,[20]
96519137-11d5-43f1-a729-72926e418310,[20]
9665affb-8c03-4f6c-9535-7129fb774d90,"[10, 11, 2, 3, 1, 14, 16, 17, 1, 15, 8, 6, 13, 4, 9, 22, 7, 5, 12]"
97133e5e-bc18-4a86-a211-78b1db17f2a7,[20]
972d8af3-a6a0-4501-81dd-79d1a7af466d,[20]
97743094-dcd6-420e-b7c1-f33dd97fb82e,[20]
977897a1-2336-4aa3-aefa-5a5d37152ca0,"[10, 11, 2, 16, 17, 1, 3, 15, 14, 8, 6, 13, 4, 9, 7, 12, 5]"
97ef1f73-928b-4d97-bf06-aad9901c4501,"[10, 11, 2, 3, 1, 14, 16, 17, 1, 15, 8, 6, 13, 4, 9, 7, 12, 5]"
98625588-dd81-486c-9351-144ad4746b5e,"[10, 11, 2, 16, 17, 1, 3, 14, 15, 1, 8, 6, 13, 4, 9, 22, 5, 7, 12]"
9867e3cd-c851-4fce-8a7d-b454a0d2078f,[20]
98bae0f6-2285-4575-8860-552b06fda482,[20]
992557c8-8beb-4c19-9dc3-9da5f0c93a6c,"[10, 11, 2, 3, 1, 14, 16, 17, 1, 15, 8, 6, 13, 4, 9, 7, 12, 5]"
9949e04b-825b-443a-868d-401318a5c06d,"[203, 175, 175]"
99c9f3e8-1cc5-4ea2-8f76-4ebbe6c43771,[20]
99e44479-566d-41ef-a0ec-ef5b2ad616e2,"[10, 11, 2, 16, 17, 15, 1, 3, 14, 8, 6, 13, 4, 9, 7, 12, 5]"
9a09c2be-4296-4412-a8a5-44cf8d83abc7,"[10, 11, 2, 3, 1, 14, 16, 17, 1, 15, 8, 6, 13, 4, 9, 5, 7, 12]"
9a1eab28-b253-459f-8d5d-987dc484e949,[20]
9a3d1f68-f225-4deb-a73a-c6d8ca4f7412,"[10, 11, 2, 3, 1, 14, 16, 17, 1, 15, 8, 6, 13, 4, 9, 7, 12, 5]"
9a5e360a-bb08-4d09-8930-fdf0db49de7d,"[10, 11, 35, 13, 4, 42, 8, 6, 4, 9, 43, 7, 12]"
9a6798ef-bdaa-43eb-b486-499725a86d73,"[10, 11, 2, 16, 17, 1, 3, 14, 15, 8, 6, 13, 4, 9, 7, 12, 5]"
9a79724b-eae4-4e8c-842f-1bb397e6afd7,[20]
9aa8219c-d319-4d14-9c67-1e8883345116,[20]
9ab1d863-3f65-4ef3-8043-08b6f8578835,[20]
9add6dd3-61ba-4ad5-9fdd-1b241a7db453,"[10, 11, 2, 16, 17, 1, 3, 15, 14, 8, 6, 13, 4, 9, 7, 12, 5]"
9b3d17fd-b98a-4b14-a343-7b155429b93c,"[10, 11, 2, 3, 1, 14, 16, 17, 15, 1, 8, 6, 13, 4, 9, 7, 12, 5]"
9b6c14b5-b755-4745-821d-6a7e6f23a898,"[10, 11, 2, 2, 2, 2, 3, 3, 3, 3, 1, 1, 1, 1, 28, 23, 5, 5, 5, 5, 1, 1, 1, 1, 29, 13, 4, 25, 8, 6, 4, 9, 22, 27, 26, 7, 12, 8, 6, 4, 9, 7]"
9b88b3af-552c-47b5-b4d9-e062854c0d39,[20]
9ba54f1f-b158-4ef7-9fab-8cd2a01c9ee4,"[10, 11, 2, 3, 1, 14, 16, 17, 1, 15, 8, 6, 13, 4, 9, 7, 12, 5]"
9bb2a612-e15e-466f-9466-c862d9fac7c8,"[10, 11, 2, 16, 17, 1, 3, 14, 15, 8, 6, 13, 4, 9, 7, 12, 5]"
9bb948e7-8073-4483-bee4-926086feffd2,"[10, 11, 2, 3, 1, 14, 16, 17, 1, 15, 8, 6, 13, 4, 9, 7, 12, 5]"
9bbb8f98-6ac1-47b5-ac57-203aba00c031,[20]
9bd15d39-b81b-4673-b6ec-f35d0c3a8a08,[20]
9c132a11-3c5c-4b82-b607-0c2d1042cd03,[20]
9c3cb1e5-7372-4811-b93d-7b83f6da9cec,[20]
9c64144e-86b7-4add-a41b-0a5f9431d26c,"[10, 11, 2, 3, 1, 14, 16, 17, 1, 15, 8, 6, 13, 4, 9, 7, 12, 5]"
9c7a0ed6-c004-437e-be7c-f108868cf603,[20]
9c866b19-7db4-4676-9791-db1b0584c2e4,"[10, 11, 2, 3, 1, 14, 16, 17, 15, 8, 6, 13, 4, 9, 7, 12, 5]"
9d795959-6832-42c3-81c0-269c1277a295,[20]
9d9dedd4-84ab-4dcd-aa1d-9567508546f3,[20]
9da7c367-0429-46ca-b47a-b7889faac714,"[250, 84, 84, 84]"
9dbef453-f02a-48d0-949f-742986f34efa,"[10, 11, 2, 3, 1, 14, 16, 17, 1, 15, 1, 8, 6, 13, 4, 9, 7, 5, 12]"
9df9c2d6-d8d7-4bee-aa54-c51287620547,"[10, 11, 2, 3, 1, 14, 16, 17, 15, 8, 6, 13, 4, 9, 22, 7, 12, 5]"
9dfcec2a-40ee-49c7-b379-43aab9a29af2,[20]
9e137a38-b6dc-46d3-af73-761abbc87478,"[10, 11, 2, 3, 1, 14, 16, 17, 15, 8, 6, 13, 4, 9, 7, 12, 5]"
9e6d0443-28cf-479f-9930-65897ab71836,"[10, 11, 2, 3, 1, 13, 4, 25, 8, 6, 4, 9, 27, 26, 7, 12, 5]"
9ea130d8-dc71-492d-a7cd-b8bdc3545f26,"[10, 11, 2, 16, 17, 1, 3, 14, 15, 8, 6, 13, 4, 9, 7, 12, 5]"
9eae0792-9880-4422-a064-bb85cf8b16ae,"[10, 11, 2, 3, 1, 14, 16, 17, 1, 15, 8, 6, 13, 4, 9, 7, 5, 12]"
9eb69b11-53f7-4a25-8056-3174045ed688,[20]
9ee8dcec-3a62-4c1d-8e41-82830d6641df,"[10, 11, 2, 3, 1, 14, 16, 17, 1, 15, 8, 6, 13, 4, 9, 7, 12, 5]"
9eeb62a6-6f75-4cb5-af19-4b457db4c974,[20]
9ef9726a-ac2c-4862-bd89-58a25fea0c2f,[20]
9f0b64c8-b930-4926-a1ae-600ae9aa3c25,"[10, 11, 2, 3, 1, 14, 16, 17, 15, 8, 6, 13, 4, 9, 7, 12, 5]"
9f24f074-4b4e-4786-b965-d8a11fa9de63,"[10, 11, 2, 3, 1, 14, 16, 17, 1, 15, 8, 6, 13, 4, 9, 7, 12, 5]"
9f3ee6fb-fe49-4e87-be6f-46e8257767d9,[20]
9f4a73a0-9f9c-44d1-b34a-3469314b78c7,"[10, 11, 2, 3, 1, 14, 16, 17, 1, 15, 1, 8, 6, 13, 4, 9, 7, 5, 12]"
9f6f485c-9e77-49d0-8b95-3ebdf4303da9,"[10, 11, 2, 3, 1, 14, 16, 17, 1, 15, 8, 6, 13, 4, 9, 7, 12, 5]"
9f7b7f2d-d643-4795-b57f-a685f5738659,"[10, 11, 2, 3, 1, 14, 16, 17, 1, 15, 8, 6, 13, 4, 9, 7, 12, 5]"
9fc38116-b209-4621-9c32-be64866b08a4,[20]
9fea56c5-e5da-4d07-9031-5523223aca20,"[10, 11, 2, 3, 1, 14, 16, 17, 1, 15, 8, 6, 13, 4, 9, 7, 12, 5]"
9fecc6df-4068-4a16-8725-349af21b04ba,[20]
a0444fdc-6719-4ede-b428-cf685b4cdb16,[20]
a0466308-7cc0-41a7-af28-2e963ba8f697,"[10, 11, 2, 3, 1, 14, 16, 17, 1, 15, 8, 6, 13, 4, 9, 7, 12, 5]"
a08d978c-e6df-4fc8-84bd-d510908a08fd,"[10, 11, 2, 3, 1, 14, 16, 17, 1, 15, 1, 8, 6, 13, 4, 9, 5, 7, 12]"
a08f3ca4-b7be-4cba-acbe-9b638f29e290,"[10, 11, 2, 3, 1, 14, 16, 17, 1, 15, 8, 6, 13, 4, 9, 5, 7, 12]"
a09cc2ff-8225-4244-b74b-d0f4b200ebcd,"[10, 11, 2, 3, 1, 14, 16, 17, 1, 15, 8, 6, 13, 4, 9, 7, 12, 5]"
a0bbb69e-d9fe-4fa8-b589-6202b7caad3d,"[10, 11, 2, 3, 1, 14, 16, 17, 1, 15, 8, 6, 13, 4, 9, 7, 12, 5]"
a12885be-e52c-47e1-a82c-ffb9ddb3f24c,[20]
a13773d6-1665-4e96-b26c-b5f186ad7fed,[20]
a15cd1a6-e32d-459d-b00d-9282a4be0185,"[44, 10, 11, 2, 16, 17, 1, 3, 14, 15, 8, 6, 13, 4, 9, 7, 5, 12]"
a19af672-9b82-4ce3-a2fd-6269f58495cf,"[10, 11, 2, 3, 1, 14, 16, 17, 15, 8, 6, 13, 4, 9, 7, 5, 12]"
a1ca3ff1-7e6e-4020-a4c8-18019089991e,[20]
a1d497b0-d4c4-4650-94b6-cfd065d6bfe5,"[10, 11, 2, 16, 17, 1, 3, 15, 14, 8, 6, 13, 4, 9, 7, 12, 5]"
a21905ea-d266-4517-81ba-3b7ba4e3665b,"[10, 11, 2, 16, 17, 1, 3, 15, 14, 8, 6, 13, 4, 9, 7, 12, 5]"
a24ed391-a2c1-4018-9a8f-5b758e6bf724,"[10, 11, 2, 16, 17, 1, 3, 15, 14, 8, 6, 13, 4, 9, 7, 5, 12]"
a276e62e-abed-4f5c-bdc1-5030422dc9da,[20]
a28be807-c217-4e63-9185-af128ebf9119,"[10, 11, 2, 16, 17, 1, 3, 15, 14, 8, 6, 13, 4, 9, 7, 12, 5]"
a28c87de-6631-4e0a-9e0a-54a57b39a2a0,"[10, 11, 2, 16, 17, 1, 3, 14, 15, 8, 6, 13, 4, 9, 5, 7, 12]"
a2afbb2c-17c9-432e-8171-9df180c29e81,"[10, 11, 2, 3, 1, 14, 16, 17, 15, 8, 6, 13, 4, 9, 7, 12, 5]"
a2b47f77-1787-45a5-a662-daceba74c731,"[10, 11, 2, 3, 1, 14, 16, 17, 1, 15, 8, 6, 13, 4, 9, 22, 7, 12, 5]"
a2d7b1e0-7fdf-4f5f-9ea6-0dbd10cf11a9,"[10, 11, 2, 16, 17, 1, 3, 14, 15, 8, 6, 13, 4, 9, 7, 12, 5]"
a2f5480d-2d8a-4d2c-9356-b0ed4779c6b4,"[10, 11, 1, 28, 2, 2, 2, 2, 3, 3, 3, 1, 3, 1, 1, 1, 23, 5, 5, 5, 5, 1, 1, 1, 1, 1, 8, 6, 13, 4, 9, 7, 12, 29, 4, 33, 8, 6, 4, 9, 7]"
a306719a-537e-42b3-9073-bfb4600d072e,"[10, 11, 2, 3, 1, 14, 16, 17, 15, 8, 6, 13, 4, 9, 7, 12, 5]"
a32ee247-761b-49a4-ae41-c7e0a73aa27d,"[10, 11, 2, 16, 17, 1, 3, 15, 14, 8, 6, 13, 4, 9, 22, 7, 12, 5]"
a344389b-0197-4d05-8ae1-68b5be8ac25c,[20]
a35811f0-291d-48d8-8f05-49cb1a0a97bd,[20]
a378ebf3-3a4a-4469-a4b2-aaa95e2daf3a,"[10, 11, 2, 3, 1, 14, 16, 17, 1, 15, 8, 6, 13, 4, 9, 7, 12, 5]"
a3ace469-6cb1-402d-8cad-9cdf13ecdc42,"[10, 11, 2, 3, 1, 14, 16, 17, 1, 15, 1]"
a3adde2f-8a10-418e-9173-b8978df2379f,[20]
a3e907bf-e730-40b2-8e62-91095439c806,[20]
a42d4e22-8013-4b27-a0ed-8fad71f65d9b,"[10, 11, 2, 16, 17, 1, 3, 15, 14, 8, 6, 13, 4, 9, 7, 12, 5]"
a44096fa-0a02-4cab-aaf7-8f9590a73012,[20]
a49fa25d-b62e-43de-9584-8a6ac5344f44,"[220, 119, 119, 119]"
a4c020b9-7705-4d12-ad38-1e8b165f928f,[20]
a4de2be9-d3d6-4963-8484-10bd8c7cd86c,[20]
a53e952a-c245-4fcd-9d04-6db98227c161,"[10, 11, 2, 3, 1, 14, 16, 17, 1, 15, 8, 6, 13, 4, 9, 7, 12, 5]"
a56c26ff-1d24-48bf-a0a5-2a39556d9c20,"[10, 11, 2, 16, 17, 1, 3, 15, 14, 8, 6, 13, 4, 9, 7, 12, 5]"
a5908cd4-e81b-4d48-a392-ccda4f0519e0,"[10, 11, 2, 3, 1, 14, 16, 17, 1, 15, 1, 8, 6, 13, 4, 9, 7, 12, 5]"
a5b2aec8-9a68-4824-9060-4a035040f8a1,[20]
a5e91085-6eaa-494f-a82a-94034e1c79ac,"[10, 11, 2, 3, 1, 14, 16, 17, 1, 15, 8, 6, 13, 4, 9, 7, 12, 5]"
a617ff73-44ef-4fd8-a196-4d63a28b122d,"[10, 11, 2, 3, 1, 14, 16, 17, 1, 15, 8, 6, 13, 4, 36, 9, 7, 12, 5]"
a61d63f3-1dd8-4568-b35b-85a135667b6b,"[10, 11, 2, 3, 1, 14, 16, 17, 15, 1, 8, 6, 13, 4, 9, 7, 12]"
a61d7df3-1da5-46d9-9694-4d28bdef853a,[20]
a634e461-33e4-46de-9423-593617cf41ad,[20]
a63ffa4f-5367-48b2-abc6-0a0514c84f7d,"[10, 11, 2, 3, 1, 14, 16, 17, 1, 15, 8, 6, 13, 4, 9, 7, 12, 5]"
a64a8b14-62d4-4957-a638-d10940d840bc,[20]
a69cdfc7-1a9e-4a8f-a37b-601b721fbc50,"[10, 11, 2, 3, 1, 14, 16, 17, 1, 15, 8, 6, 13, 4, 9, 22, 7, 12, 5]"
a6a36b4d-a0da-40bd-a3d8-28ad6c00af81,"[10, 11, 35, 13, 4, 42, 8, 6, 4, 9, 43, 7, 12]"
a6b928f4-e188-492d-a17b-11dfd4d874e9,"[300, 76, 76, 76]"
a6c91e33-d95f-4b06-84d7-699a0ca3356a,"[10, 11, 2, 16, 17, 1, 3, 15, 14, 8, 6, 13, 4, 9, 7, 12, 5]"
a6e307bf-4f0e-4301-ae4f-469e0cbe9b39,"[10, 11, 2, 3, 1, 14, 16, 17, 1, 15, 8, 6, 13, 4, 9, 7, 12, 5]"
a6ffb491-8caa-459b-b58a-b170f0b2a429,[20]
a72d8914-a87b-442b-a17c-a157197b2cb7,"[10, 11, 2, 3, 1, 14, 16, 17, 15, 1, 8, 6, 13, 4, 9, 5, 7, 12]"
a731381e-f4eb-4741-96dc-59a03437720b,[20]
a7374e93-ac1a-4d86-a68b-a0c67c17b9d3,[20]
a77141f4-b591-4bd1-956e-795052469648,[20]
a7bc1150-8d69-4b64-8a99-fa7bdb2c9070,"[10, 11, 2, 3, 16, 17, 1, 14, 1, 15, 8, 6, 13, 4, 9, 7, 12, 5]"
a7d23570-e6b9-4891-bc77-df0a04bab3b6,[20]
a7ddc79b-9ca4-47f7-9d63-a42ed88c6f0f,"[10, 11, 2, 16, 17, 1, 3, 14, 15, 8, 6, 13, 4, 9, 7, 12, 5]"
a808e737-60da-4c24-ac1e-1f4cf0dc76a2,"[10, 11, 2, 3, 1, 14, 16, 17, 1, 15, 8, 6, 13, 4, 36, 9, 7, 12, 5]"
a82141c3-873f-4ae5-9f54-9f506d15fa12,"[10, 11, 2, 3, 1, 14, 16, 17, 1, 15, 8, 6, 13, 4, 36, 9, 7, 45, 12, 5]"
a8c033c9-c790-4888-9658-0568e85c3452,"[10, 11, 2, 16, 17, 1, 3, 15, 14, 8, 6, 13, 4, 9, 7, 5, 12]"
a8d3532f-6b6f-479b-85a3-52a90ff03c1d,"[10, 11, 2, 3, 1, 14, 16, 17, 1, 15, 1, 8, 6, 13, 4, 9, 7, 12, 5]"
a8f0d41d-35f6-4b6e-af59-56b4d79fb20e,"[10, 11, 2, 16, 17, 1, 3, 14, 15, 8, 6, 13, 4, 9, 7, 12, 5]"
a90a4567-859a-4cdc-a48d-f443ed1a6dfd,"[10, 11, 2, 16, 17, 1, 3, 15, 14, 1, 8, 6, 13, 4, 9, 7, 12, 5]"
a92bc452-dd08-4773-9e41-9cb5676c3a35,[20]
a96420a7-18fb-4d6e-8d50-ac2487700bea,"[10, 11, 2, 3, 1, 14, 16, 17, 1, 15, 8, 6, 13, 4, 9, 7, 12, 5]"
a971b955-1293-41d6-a81c-fecd152d6b03,"[10, 11, 35, 13, 4, 42, 8, 6, 4, 9, 43, 7, 12]"
a97f19a4-eeb3-4480-8f7e-61d5c4d79b63,"[10, 11, 2, 3, 1, 14, 16, 17, 1, 15, 8, 6, 13, 4, 9, 7, 5, 12]"
a9a66e65-c93d-4ddb-b0c9-409008522b74,"[10, 11, 2, 3, 16, 17, 14, 1, 15, 8, 6, 13, 4, 9, 7, 12, 5]"
aa242b59-29eb-4c59-bf58-1b527df792a1,[20]
aa2d5ff7-a1c8-404a-83eb-bffd959d4111,"[10, 11, 48, 13, 4, 8, 22, 6, 4, 9, 7, 12]"
aa35e2a7-6afd-4686-bbfd-74a7d741d43c,"[10, 11, 2, 3, 1, 14, 16, 17, 1, 15, 8, 6, 13, 4, 9, 5, 7, 12]"
aa41169b-1d81-4443-b77b-f4a8d7bf9455,"[10, 11, 35, 13, 4, 42, 8, 6, 4, 9, 43, 7, 12]"
aa61f87f-8533-45d4-8bcc-37caedfee382,[20]
aa72ebad-dc5e-4fd0-b0ad-7545e9a9346e,[20]
aa8b7484-be7f-45ec-a3f8-72b41094f2c3,[20]
aa957285-9850-45f5-8ac0-3b6813e8897e,"[10, 11, 2, 3, 14, 16, 17, 1, 15, 8, 6, 13, 4, 9, 5, 7, 12]"
aa97042e-7376-4708-bb0e-1400a2dfc0a1,[20]
aab8ecb4-e5c0-4bef-87d9-d32660bc01f1,"[10, 11, 1, 2, 2, 2, 2, 28, 3, 3, 3, 3, 1, 1, 1, 1, 23, 5, 5, 5, 5, 1, 1, 1, 1, 8, 6, 13, 4, 9, 7, 34, 12, 29, 4, 33, 8, 6, 4, 9, 7]"
aabcb3af-8dd0-4b78-9fd1-acacdfd19682,[20]
aafd8ea4-7609-4ac0-8b27-e3f8dae9a4cc,[20]
aafe394f-0931-4896-b37f-0ad83e511f75,[20]
ab11cbdd-a5ac-444a-8c8b-5892c054a264,"[10, 11, 2, 3, 1, 14, 16, 17, 15, 8, 6, 13, 4, 9, 7, 12, 5]"
ab6e0768-0aa7-4018-bcaf-72e569bacccc,"[10, 11, 2, 3, 1, 13, 4, 25, 8, 6, 4, 9, 27, 26, 7, 12, 5]"
ab6f06e6-b021-4be0-9e90-137ff308728a,[20]
ab73c153-7e9a-4386-a795-1b5026e9b275,"[10, 11, 2, 3, 1, 14, 16, 17, 1, 15, 1, 8, 6, 13, 4, 9, 7, 12, 5]"
abe228c6-dfd0-441b-b653-e82c9b8c0d9d,[20]
ac39be29-b320-44ae-9647-32bcdbe02402,[20]
ac4e961d-e6cd-40bd-b53a-0e89c6f39507,"[10, 11, 2, 3, 1, 14, 16, 17, 1, 15, 8, 6, 13, 4, 9, 7, 12, 5]"
ac52ec25-5a57-451e-b3af-544ab76a3c39,[20]
ac6ef148-2894-42b7-b7e1-1dee23d10a98,[20]
acc13d11-b433-4211-b039-1bb5fad9573f,"[10, 11, 2, 3, 1, 14, 16, 17, 1, 15]"
ace02d3b-dec1-4532-8fe1-8d1a751ce506,[20]
ad05c5bb-60b7-447f-8350-37565b6cf053,[20]
ad110b58-dba4-43ed-ac48-9e712d400602,"[10, 11, 2, 3, 1, 14, 16, 17, 15, 1, 8, 6, 13, 4, 9, 7, 12, 5]"
ad411525-503d-482f-91e8-6c79e857da56,[20]
ad431aef-3c3c-4b9a-8e7c-a75999c69e81,[20]
ad538921-c5b0-45fd-8697-033b2da4da34,"[44, 10, 11, 2, 3, 1, 14, 16, 17, 1, 15, 8, 6, 13, 4, 9, 7, 5, 12]"
ad68a4ea-fe3c-42a9-85b0-ac9c5e44bead,"[10, 11, 2, 3, 1, 14, 16, 17, 1, 15, 8, 6, 13, 4, 9, 7, 12, 5]"
ad750b29-02f6-4989-ac7b-1bbdc91aaa75,[20]
ad85c14a-f17e-4bb4-92d6-9127c9149284,"[10, 11, 2, 16, 17, 1, 3, 14, 15, 8, 6, 13, 4, 9, 7, 12, 5]"
adb31606-eedb-4f06-b51e-d12b1bc2e9f6,"[10, 11, 2, 3, 1, 14, 16, 17, 1, 15, 8, 6, 13, 4, 9, 7, 22, 12, 5]"
ade8cdc0-d975-42ed-abe9-a21b7b71c4c6,"[10, 11, 2, 16, 17, 15, 3, 14, 8, 6, 13, 4, 9, 5, 7, 12]"
adfb2ed9-6c25-4dd1-80cb-34c9d06dfbf3,"[10, 11, 2, 16, 17, 1, 3, 15, 14, 8, 6, 13, 4, 9, 7, 12, 5]"
ae8f0a70-d1f7-43b9-af77-4043600c8611,[20]
aec26d73-b6ed-487a-866e-a174ab53ef5c,"[10, 11, 2, 16, 17, 1, 3, 14, 1, 15, 8, 6, 13, 4, 9, 7, 12, 5]"
aef6d17e-00f3-496a-a1ee-186c321f1e88,"[10, 11, 2, 16, 17, 1, 3, 14, 15, 8, 6, 13, 4, 9, 5, 7, 12]"
af012065-5a7c-4ca1-bc75-47e528e74132,[20]
af0bd53f-1fad-43f4-b6e8-5c4bcd27d78b,[20]
af208a2c-9c1e-41fc-a762-090a138d59f7,"[10, 11, 2, 3, 1, 13, 4, 25, 8, 6, 4, 9, 27, 26, 7, 12, 5]"
af400a5d-409b-4c9e-8429-f01afc4d287a,[20]
afbc4164-d5bc-44e1-bd09-1e6fe1acc7a8,[20]
afcf8235-2a42-4a95-8f6c-ee9c70d41f09,"[10, 11, 312, 8, 6, 13, 4, 9, 313, 7, 12]"
afe02d9f-9600-4299-ac3a-3c48f41b22c7,"[10, 11, 2, 16, 17, 1, 3, 14, 15, 8, 6, 13, 4, 9, 7, 12, 5]"
affd18e7-62e7-4f2b-ace4-0aa89921ad24,"[10, 11, 2, 16, 17, 15, 3, 14, 8, 6, 13, 4, 9, 7, 5, 12]"
affd9cd0-c585-407a-ad43-77ab57da4f92,"[10, 11, 2, 16, 17, 15, 3, 14, 8, 6, 13, 4, 9, 7, 12, 5]"
b01e5b7c-ab26-47eb-9015-9b300db9048d,"[211, 118, 118, 118]"
b05342ae-9241-408b-9844-15305c6acc44,"[10, 11, 2, 3, 1, 14, 16, 17, 1, 15, 8, 6, 13, 4, 9, 7, 12, 5]"
b0756281-8bee-4224-9fa7-7d0b3b880607,"[10, 11, 2, 16, 17, 1, 3, 15, 14, 8, 6, 13, 4, 9, 7, 12, 5]"
b07d3472-07b7-4cf1-978e-ec16db10304e,[20]
b0a51490-b042-43f7-a14b-149f21faeaa9,"[10, 11, 2, 3, 1, 14, 16, 17, 1, 15, 8, 6, 13, 4, 9, 7, 12, 5]"
b0e9dd17-ae26-4f4d-a7a9-69c15095936a,[20]
b0ed606e-ca9e-4708-adf1-0eafeb3bb7e4,[20]
b0fa10c0-5442-42a0-b621-8a246542ebe5,"[10, 11, 48, 13, 4, 8, 6, 4, 9, 7, 12]"
b13240d9-46c4-462f-83a7-0ebcd265280a,"[10, 11, 2, 3, 1, 14, 16, 17, 1, 15, 8, 6, 13, 4, 9, 7, 12, 5]"
b145c34c-e186-4b0f-a911-7c30d4ba9fbb,[20]
b1648660-cc52-4a28-ac75-797e012ba6f5,"[10, 11, 2, 16, 17, 1, 3, 15, 14, 8, 6, 13, 4, 9, 7, 5, 12]"
b18ae2bc-b32c-4696-8970-1016c77aa93a,"[10, 11, 2, 2, 2, 28, 2, 3, 3, 3, 3, 1, 1, 1, 1, 23, 5, 5, 5, 5, 1, 1, 1, 1, 8, 6, 13, 4, 9, 7, 12, 29, 4, 33, 8, 6, 4, 9, 7, 1]"
b219afe2-f45f-4590-aec9-782aad105106,"[10, 11, 2, 3, 1, 14, 16, 17, 1, 15, 8, 6, 13, 4, 36, 9, 7, 12, 5]"
b221d9a1-b924-4ba1-a0e5-c2f67c59875f,"[10, 11, 2, 3, 1, 14, 16, 17, 1, 15, 8, 6, 13, 4, 9, 7, 12, 5]"
b25adfdc-2533-436d-9c6b-64819dda7825,"[10, 11, 2, 3, 1, 14, 16, 17, 1, 15, 8, 6, 13, 4, 9, 7, 12, 5]"
b260cd5d-13a6-4c53-b117-ee077b8f2bd5,"[281, 91, 91, 91]"
b29c2afd-c952-4c8b-b62b-4b462962c096,[20]
b2a83793-14f9-4d8a-a649-78b2122f9709,"[217, 137, 137, 137]"
b2aebefb-7fd8-4adb-b68d-8ca17d58d7df,"[10, 11, 2, 3, 1, 14, 16, 17, 1, 15, 8, 6, 13, 4, 9, 7, 12, 5]"
b2cbad71-b675-400f-a8e5-f44b708f43db,[20]
b2ebc51d-4224-4134-9b47-a2ad3c6c9c03,"[10, 11, 2, 3, 1, 14, 16, 17, 1, 15, 8, 6, 13, 4, 9, 7, 12, 5]"
b2f9de74-72ba-43ca-b56a-d5c0eaaa1a1b,[20]
b3385c46-4c37-4877-b0c9-3dd4b0aa2fdb,"[10, 11, 2, 3, 1, 14, 16, 17, 1, 15, 8, 6, 13, 4, 9, 7, 12, 5]"
b373d8a1-2168-46a1-affe-727423144249,"[10, 11, 2, 3, 1, 14, 16, 17, 15, 8, 6, 13, 4, 9, 7, 12, 5]"
b37661aa-0b25-4f8d-8861-4b250b275f13,"[10, 11, 2, 16, 17, 1, 3, 14, 15, 8, 6, 13, 4, 9, 7, 12, 5]"
b38123f1-b586-45dd-9708-5a14de01294b,"[10, 11, 2, 3, 1, 14, 16, 17, 1, 15, 8, 6, 13, 4, 9, 7, 5, 12]"
b3ab54d4-3764-4254-a1ae-5ed7ace9a188,"[10, 11, 2, 16, 17, 1, 3, 15, 1, 14, 8, 6, 13, 4, 9, 7, 12, 5]"
b3ccfc40-250b-4c8f-81ab-5fc6d57719b5,[20]
b3d848c2-4c79-4e30-8554-7c391ac2bf13,"[10, 11, 2, 3, 1, 14, 16, 17, 1, 15, 8, 6, 13, 4, 9, 7, 12, 5]"
b3db7a06-31ed-40cd-a489-57cddd65e9b9,[20]
b412143a-2d24-46a0-90ca-8f1f3b1edee4,"[10, 11, 2, 3, 1, 13, 4, 25, 8, 6, 4, 9, 27, 26, 7, 12, 5]"
b42508b4-0f12-4f05-bc5b-6d80afcbc5a1,[20]
b4372431-e40a-43e7-a0e8-677f0e376796,[20]
b43c40b7-e6cd-4c27-8e09-f4d6ce29a57c,"[44, 10, 11, 2, 16, 17, 1, 3, 14, 15, 8, 6, 13, 4, 9, 7, 5, 12]"
b4409861-d194-4549-b98f-113cac3bca20,"[10, 11, 2, 3, 1, 13, 4, 25, 8, 6, 4, 9, 27, 26, 7, 12, 5]"
b44543c1-a853-4945-8a79-b775725cfcd6,[20]
b45cbb33-5fcf-4bdc-9670-5f0951bd4612,"[10, 11, 2, 3, 1, 14, 16, 17, 1, 15, 1, 8, 6, 13, 4, 9, 7, 12, 5]"
b4e9c29e-d4ac-4abe-bbc4-dc42f1d56c55,"[10, 11, 2, 3, 1, 14, 16, 17, 1, 15, 8, 6, 13, 4, 9, 7, 12, 5]"
b527eed9-70ac-48fe-bc69-a7f8ee5d29eb,[20]
b58132d9-1ea6-4557-affd-addc42a85304,"[10, 11, 2, 3, 1, 14, 16, 17, 1, 15, 8, 6, 13, 4, 9, 7, 12, 5]"
b58db7f2-6686-4a22-ad87-23141e93b5ca,"[10, 11, 2, 16, 17, 1, 3, 14, 15, 8, 6, 13, 4, 9, 7, 12, 5]"
b59c40c1-9b46-4ddc-8bf4-3d8bc7b421de,"[10, 11, 2, 3, 1, 14, 16, 17, 15, 8, 6, 13, 4, 9, 5, 7, 12]"
b59efdc5-1957-4550-af98-65431cd60e1d,"[10, 11, 2, 3, 16, 17, 14, 1, 15, 8, 6, 13, 4, 9, 7, 12, 5]"
b5a58294-81f5-4ae7-a7cf-e15b064a7bbc,"[10, 11, 2, 3, 1, 14, 16, 17, 1, 15, 8, 6, 13, 4, 9, 7, 12, 5]"
b5be69fa-fd69-4295-b462-27613a06be25,"[10, 11, 2, 3, 1, 14, 16, 17, 1, 15, 8, 6, 13, 4, 9, 5, 7, 12]"
b5ca39a5-effa-4f73-9041-3c6f083f5766,[20]
b5d1aa3d-ab1b-48cd-bb54-3dccaaff3ac1,[20]
b5f8c8ff-5662-4bb7-88cc-dc922d01163c,"[10, 11, 2, 3, 1, 14, 16, 17, 1, 15, 8, 6, 13, 4, 9, 7, 12, 5]"
b600f4f5-40a8-40f3-9665-78d97358b17f,"[10, 11, 2, 16, 17, 1, 3, 14, 15, 8, 6, 13, 4, 9, 7, 12, 5]"
b614aa35-e237-4626-b782-cb7cfaad119d,"[10, 11, 2, 2, 2, 2, 3, 3, 3, 3, 1, 1, 1, 28, 1, 23, 5, 5, 5, 5, 1, 1, 1, 1]"
b6271311-b471-4277-a162-57ce72ba6eae,[20]
b65e4428-eb85-442c-aee4-0a28cce21161,[20]
b684961a-ff7f-4303-999b-3a8bd273c6fb,"[10, 11, 2, 16, 17, 1, 3, 15, 14, 8, 6, 13, 4, 9, 7, 12, 5]"
b68769ef-cd9f-4864-9a50-3b9c05b95bad,[20]
b6957d31-3e01-4e27-b8eb-4dfcb04e4ec2,"[10, 11, 2, 16, 17, 15, 3, 14, 8, 6, 13, 4, 9, 7, 12, 5]"
b6cfdd21-dfe1-4a29-9313-080d9729bc48,"[10, 11, 2, 3, 1, 14, 16, 17, 1, 15, 8, 6, 13, 4, 9, 7, 12, 5]"
b6d91577-04c3-433e-a500-07672e0df758,[20]
b73885f6-a82d-43ae-98c8-77adc386b539,"[10, 11, 2, 3, 1, 14, 16, 17, 1, 15, 8, 6, 13, 4, 9, 7, 12, 5]"
b749ff6c-232e-43b5-a0c0-a2072b479aa7,"[10, 11, 8, 6, 4, 9, 7, 12]"
b7599608-7c8b-45c9-8294-fe48b94105d5,"[10, 11, 2, 16, 17, 15, 1, 3, 14, 8, 6, 13, 4, 9, 7, 5, 12]"
b76c07d8-dc5d-43e8-8ca9-c0b8b4d9081b,"[10, 11, 2, 3, 1, 13, 4, 25, 8, 6, 4, 9, 27, 26, 7, 12, 5]"
b78a8927-8337-40ef-af48-d241bdd17e21,[20]
b792a9c4-e990-4307-957b-b2768a3cac47,[20]
b7933099-435c-43b3-b887-9557d9c99135,[20]
b7a06eef-5f9b-4b21-a710-8b704a7387eb,"[10, 11, 28, 2, 2, 2, 2, 3, 3, 3, 3, 1, 1, 1, 1, 23, 1, 5, 5, 5, 5, 1, 1, 1, 1, 1, 8, 6, 13, 4, 9, 7, 34, 12, 29, 4, 33, 8, 6, 4, 9, 7]"
b7aebc16-b53e-4098-a53e-5a87c48f2efd,"[10, 11, 2, 3, 1, 14, 16, 17, 1, 15, 8, 6, 13, 4, 9, 22, 7, 12, 5]"
b7b82fd7-286b-45fa-9ec5-3b0f9aa5aa3f,"[10, 11, 2, 3, 1, 14, 16, 17, 1, 15, 8, 6, 13, 4, 9, 7, 12, 5]"
b7bb4eca-f9b5-4314-9b4b-5e6e5716b010,"[10, 11, 2, 3, 1, 14, 16, 17, 15, 8, 6, 13, 4, 9, 7, 12, 5]"
b807bfc0-0c8d-4032-9106-8674bc3c1df2,[20]
b84f15ab-7ccf-470f-adde-76bdd9460be7,"[10, 11, 2, 3, 1, 14, 16, 17, 15, 8, 6, 13, 4, 9, 7, 12, 5]"
b85ae9f1-a64c-497b-9b32-947bfaf5558f,[20]
b882d6e3-12eb-4ad6-809b-349b97daf73f,"[10, 11, 2, 3, 1, 14, 16, 17, 1, 15, 8, 6, 13, 4, 9, 7, 12, 5]"
b8a92ff8-2c26-490d-b6da-15037faa91da,"[10, 11, 2, 3, 1, 14, 16, 17, 1, 15, 8, 6, 13, 4, 9, 7, 12, 5]"
b8b7cc8c-d56f-4d9b-8d78-3eaabd0ab0ec,[20]
b8c311b9-beee-4db9-97fa-f058523ff2a1,"[10, 11, 2, 3, 16, 17, 1, 14, 15, 8, 6, 13, 4, 9, 5, 7, 12]"
b8cd60a8-45ec-492b-85bd-dac8c60419ac,"[10, 11, 2, 3, 1, 13, 4, 25, 8, 6, 4, 9, 27, 26, 7, 12, 5]"
b9601f9d-785e-473e-b097-b43f2e68c4d7,"[10, 11, 2, 3, 1, 14, 16, 17, 1, 15, 8, 6, 13, 4, 9, 7, 12, 5]"
b98d45a6-90cd-4115-8048-8a4c55e38f99,"[10, 11, 2, 1, 3, 16, 17, 14, 15, 8, 6, 13, 4, 9, 7, 12, 5]"
b9b42a58-8355-4a3b-94eb-742682d9ed54,[20]
b9b551e3-6cb2-4e75-8e7c-133d3d2c4032,"[10, 11, 2, 2, 3, 3, 8, 6, 13, 4, 9, 7, 12, 5, 5]"
b9c64705-6b61-40d5-8c3b-ebf63c6b2946,"[10, 11, 2, 3, 1, 14, 16, 17, 15, 8, 6, 13, 4, 9, 7, 12, 5]"
b9ddb788-de72-4b34-8647-0bba726d4b68,[20]
b9ed9af7-b344-4a75-822f-7abbe34d241b,"[10, 11, 28, 2, 2, 2, 2, 3, 3, 3, 3, 1, 1, 1, 1, 23, 5, 5, 5, 5, 1, 1, 1, 1]"
b9f0f7cd-31c1-4edf-9a8d-129d4efff387,"[10, 11, 2, 16, 17, 1, 3, 15, 14, 8, 6, 13, 4, 9, 7, 5, 12]"
ba12d5f1-82dc-4de3-bbf3-0625d9fadb19,"[10, 11, 2, 3, 1, 14, 16, 17, 15, 8, 6, 13, 4, 9, 7, 12, 5]"
ba40f9c5-a0d8-4922-9e3a-8d4904ce797c,"[10, 11, 2, 3, 1, 14, 16, 17, 15, 8, 6, 13, 4, 9, 7, 12, 5]"
ba5f34ba-8638-470c-8212-0c9f051e4547,"[10, 11, 2, 3, 1, 14, 16, 17, 1, 15, 8, 6, 13, 4, 9, 7, 22, 5, 12]"
ba63ff61-1d4c-49fd-96f7-c7add855bd4b,"[10, 11, 2, 3, 1, 14, 16, 17, 1, 15, 8, 6, 13, 4, 9, 7, 12, 5]"
ba654fe0-9e42-4c8b-bb2b-debfffa1a69d,"[10, 11, 2, 3, 1, 14, 16, 17, 1, 15, 8, 6, 13, 4, 9, 5, 7, 12]"
ba7eff0f-9d2f-47a8-84df-a709d5a32fa8,[20]
bac9c8a3-073c-4928-bbf8-9632bf95cacf,[20]
bb237433-8bd5-4f25-b826-2385b2da324b,"[10, 11, 2, 16, 17, 1, 3, 14, 15, 8, 6, 13, 4, 9, 7, 12, 5]"
bb375bab-331d-4c69-8e92-59f6c6004b06,[20]
bb4f4e86-2d9d-4ac3-9f02-62b2a9e0eb97,[20]
bb536836-eb7a-4861-87f5-35b26c4535af,[20]
bb6a12c8-b202-4a13-80d4-a93d442941e6,[20]
bba65863-2779-47b8-a8ef-f6f95a2bc167,"[10, 11, 2, 16, 17, 1, 3, 15, 14, 8, 6, 13, 4, 9, 7, 12, 5]"
bbb2802b-7b62-467f-ad8f-e981370de280,"[10, 11, 2, 16, 17, 1, 3, 14, 15, 8, 6, 13, 4, 9, 7, 12, 5]"
bbc271f2-f261-4c13-ae41-4e0be90d52ed,"[10, 11, 2, 16, 17, 15, 3, 14, 8, 6, 13, 4, 9, 7, 12, 5]"
bc245a38-25b1-4a64-802c-0e797fc5fe4b,[20]
bc56a036-a8cb-46e1-8fd1-1dcb8f3566b0,[20]
bc723c27-946d-4345-9bc9-48b16a4418e3,"[10, 11, 2, 16, 17, 1, 3, 14, 15, 8, 6, 13, 4, 9, 7, 12, 5]"
bcb8ee50-383b-43e7-817f-bb88652e3e08,[20]
bce76da3-fb63-46a3-86f3-0505de767280,[20]
bceb4876-b31e-4c0b-ba47-d6163fa3db8a,"[10, 11, 2, 3, 1, 13, 4, 25, 8, 6, 4, 9, 27, 26, 7, 12, 5]"
bd533b58-7a64-46c4-b04f-6e305e975ddc,"[10, 11, 2, 3, 1, 14, 16, 17, 1, 15, 8, 6, 13, 4, 9, 7, 12, 5]"
bd7e6117-a238-4893-949d-e35a2941bade,"[10, 11, 2, 16, 17, 1, 3, 15, 14, 8, 6, 13, 4, 9, 7, 12, 5]"
bd83f067-38af-437c-ba00-592ff8162a6d,"[10, 11, 2, 16, 17, 1, 3, 14, 15, 8, 6, 13, 4, 9, 7, 5, 12]"
bdd66963-3f59-42ea-906e-b4ccf45a12d6,"[10, 11, 2, 16, 17, 1, 3, 14, 15, 8, 6, 13, 4, 9, 7, 12, 5]"
bddb5068-1628-4e56-b347-19ac0bb5d657,"[10, 11, 2, 3, 14, 16, 17, 1, 15, 1, 8, 6, 13, 4, 9, 22, 7, 12, 5]"
be26bee4-c58c-43fd-b865-c66bed81ba54,[20]
be3eadba-d2e7-4402-8ff8-67de1f32317f,"[10, 11, 2, 3, 1, 14, 16, 17, 1, 15, 8, 6, 13, 4, 9, 7, 12, 5]"
be4226eb-8d7f-43e0-8bed-e9c8da028d4e,"[10, 11, 2, 3, 1, 14, 16, 17, 1, 15, 1, 8, 6, 13, 4, 9, 7, 12, 5]"
be633abd-59df-422f-873f-1d308760416e,[20]
beb0b9dd-818f-4de3-8c23-7bd21c7bf3c1,"[10, 11, 2, 3, 1, 14, 16, 17, 1, 15, 8, 6, 13, 4, 9, 7, 12, 5]"
bef58bb9-76df-4c64-9bfd-9e1676a39c41,[20]
bf277ba3-1aaf-4b63-9285-8128a44e777d,"[298, 114, 114, 114]"
bf2ebd22-1db3-4f4e-b5ee-6d613924ac2b,"[10, 11, 2, 3, 1, 14, 16, 17, 1, 15, 8, 6, 13, 4, 9, 22, 7, 12, 5]"
bf391d16-b7cb-4038-8413-42f8af438058,"[10, 11, 2, 3, 1, 13, 4, 25, 8, 6, 4, 9, 27, 26, 7, 12, 5]"
bf527575-4f3b-4b56-810d-df1e909831fd,"[10, 11, 2, 3, 1, 14, 16, 17, 1, 15, 8, 6, 13, 4, 9, 5, 7, 12]"
bf635812-737e-45de-ba90-3f17c95d6ef9,"[10, 11, 2, 3, 1, 14, 16, 17, 1, 15, 8, 6, 13, 4, 9, 7, 12, 5]"
bf6e9a79-66d0-45dc-8f76-c1a2bae6fc5d,[20]
bf719c4b-9b54-4d88-9a9a-0013bdf7351e,"[10, 11, 28, 2, 2, 2, 2, 3, 3, 3, 3, 1, 1, 1, 1, 23, 5, 5, 5, 5, 1, 1, 1, 1, 1, 1, 29, 13, 4, 25, 8, 6, 4, 9, 27, 26, 7, 12, 8, 6, 4, 9, 7, 1]"
bf7f866e-b1dc-4cea-ba86-b7dd27f5d416,[20]
bfb54744-13e4-449a-948b-963178cefb7b,"[10, 11, 2, 3, 1, 14, 16, 17, 15, 8, 6, 13, 4, 9, 7, 12, 5]"
bfe8f7d5-90fb-4e63-80c1-1fa450ae44d3,"[10, 11, 2, 3, 1, 14, 16, 17, 1, 15, 8, 6, 13, 4, 9, 7, 12, 5]"
bfefd675-49aa-498b-8816-627d313088d2,[20]
bff880a2-de70-4930-99f0-1b61fe572c3e,[20]
c005cef4-62a5-497b-ba8c-5076175aa3ed,"[10, 11, 2, 16, 17, 1, 3, 15, 14, 8, 6, 13, 4, 9, 22, 7, 5, 12]"
c007a331-2496-4ca6-85d4-5bb4660232b3,"[10, 11, 28, 2, 2, 2, 2, 3, 3, 3, 3, 1, 1, 1, 1, 23, 5, 5, 5, 5, 1, 1, 1, 1, 1, 29, 13, 4, 25, 8, 6, 4, 9, 27, 26, 7, 12, 8, 6, 4, 9, 7]"
c019f88e-ca6e-467b-905e-83434fe55fec,"[10, 11, 2, 16, 17, 1, 3, 15, 14, 8, 6, 13, 4, 9, 7, 12, 5]"
c03593ad-45b1-4087-bdfa-0668ad524595,"[10, 11, 2, 16, 17, 1, 3, 14, 15, 8, 6, 13, 4, 9, 22, 7, 5, 12]"
c0540c6a-eb43-4f09-951f-b8baf84014de,"[10, 11, 2, 3, 1, 14, 16, 17, 1, 15, 8, 6, 13, 4, 9, 7, 12, 5]"
c076183b-33d7-4b81-8b8c-e982a61c242a,"[10, 11, 2, 16, 17, 1, 3, 15, 14, 8, 6, 13, 4, 9, 7, 12, 5]"
c09d2e7b-9987-434b-962a-e12092ab41e4,"[10, 11, 2, 3, 1, 14, 16, 17, 15, 1, 1, 8, 6, 13, 4, 9, 7, 5, 12]"
c0c36179-1e00-4d9c-be49-f7fad1881506,[20]
c0e03177-9415-42c7-b76e-024ee27ad4e5,"[10, 11, 2, 3, 1, 13, 4, 25, 8, 6, 4, 9, 27, 26, 7, 12, 5]"
c1098793-1c80-4ab7-906b-fcfcd20ab0b3,"[10, 11, 28, 2, 2, 2, 2, 3, 3, 3, 3, 1, 1, 1, 1, 23, 5, 5, 5, 5, 1, 1, 1, 1, 8, 6, 13, 4, 9, 34, 7, 12, 29, 4, 33, 8, 6, 4, 9, 7]"
c128653b-3cf8-4114-929f-8325b1e62ef8,"[10, 11, 2, 16, 17, 1, 3, 14, 15, 8, 6, 13, 4, 9, 7, 12, 5]"
c17481a8-f731-469c-b2f5-c358a2257b8b,"[10, 11, 2, 3, 1, 14, 16, 17, 1, 15, 8, 6, 13, 4, 9, 7, 12, 5]"
c1749844-926c-4d61-82da-4d306cf8b1d0,"[10, 11, 2, 3, 1, 14, 16, 17, 1, 15, 8, 6, 13, 4, 9, 7, 12, 5]"
c1a3265e-c680-46ec-baf7-e27e515f7b99,[20]
c247715e-26ac-471c-95c4-77de09077581,"[10, 11, 2, 16, 17, 1, 3, 15, 14, 8, 6, 13, 4, 9, 7, 12, 5]"
c2531ddd-8287-416d-a2c9-45248d9c34da,[20]
c27a385b-5257-4fb9-946b-cdf2748c59dd,[20]
c2c236c2-e7b7-4b61-b6d9-c0b89b089186,[20]
c2c66711-cd69-4d34-9748-73d462d9d74d,[20]
c2df576c-cb18-4558-a09a-468e5a239c7b,[20]
c2e80600-2181-43d7-bacd-6c779208b792,[20]
c30654d3-f364-4d70-96bb-83d9000ed045,"[10, 11, 28, 2, 2, 2, 2, 3, 3, 3, 3, 1, 1, 1, 1, 23, 5, 5, 5, 5, 1, 1, 1, 1, 8, 6, 13, 4, 9, 7, 34, 12, 29, 4, 33, 8, 6, 4, 9, 7]"
c30f4f83-cdb4-4b61-90df-e890cf11e277,[20]
c31db349-7efc-42cc-a3ce-41943313d3ba,[20]
c31e686f-470d-4247-a0e6-4cff9770b12a,[20]
c333ce48-15ff-49f9-9712-c6b0e2e517df,"[10, 11, 2, 16, 17, 1, 3, 15, 14, 8, 6, 13, 4, 9, 7, 12, 5]"
c33f2649-afab-4f58-ade4-e4270c310ed1,"[10, 11, 2, 16, 17, 1, 3, 14, 15, 8, 6, 13, 4, 9, 5, 7, 12]"
c35d1aa7-ca35-445d-9abe-803abd1a8d31,"[10, 11, 2, 3, 1, 14, 16, 17, 1, 15, 8, 6, 13, 4, 9, 7, 12, 5]"
c35f9b63-d919-4b26-885c-daaf09d1b1f0,[20]
c3a92c7d-5815-48e8-9d3a-a6112d65ba4d,"[10, 11, 2, 3, 1, 14, 16, 17, 1, 15, 8, 6, 13, 4, 9, 7, 12, 5]"
c3b57802-b6f9-4abe-a1f7-770da56fa4e9,[20]
c3c09e41-7d3b-4d1b-9594-28ca5565241c,"[10, 11, 2, 2, 2, 2, 3, 3, 3, 3, 1, 1, 1, 1, 14, 14, 14, 14, 16, 17, 1, 1, 1, 1, 15, 23, 5, 5, 5, 5, 32, 32, 31, 1, 1, 31, 259, 38, 6, 8, 6, 13, 4, 9, 34, 7, 12]"
c3c1b2c5-4c45-409d-8f06-3916e51d9491,[20]
c3c84d01-8af2-49c9-b817-751b03927da9,[20]
c3f55daa-8a6c-499b-816b-3558c3d3bd30,"[10, 11, 2, 16, 17, 1, 3, 14, 15, 8, 6, 13, 4, 9, 7, 12, 5]"
c40e1cd0-2fe0-46ae-aadd-68e161f0c6e9,"[10, 11, 2, 3, 1, 14, 16, 17, 1, 15, 8, 6, 13, 4, 9, 7, 12, 5]"
c40ebc56-de3d-419f-91d8-c441e0efb4e7,"[10, 11, 2, 2, 2, 2, 3, 3, 3, 3, 28, 1, 1, 1, 1, 23, 5, 5, 5, 5, 1, 1, 1, 1, 29, 13, 4, 25, 8, 6, 4, 9, 27, 26, 7, 12]"
c42f34ae-a106-4b8d-89ea-b095155b019a,"[10, 11, 2, 16, 17, 1, 3, 14, 15, 8, 6, 13, 4, 9, 5, 7, 12]"
c43af135-d5e7-4eb0-a97b-2c99e624253e,"[10, 11, 2, 3, 1, 14, 16, 17, 1, 15, 8, 6, 13, 4, 9, 7, 12, 5]"
c4438410-815d-4388-8b06-e040bb3ed99a,[20]
c46df8fc-92f5-4b82-b8e6-74c25f56df9a,"[10, 11, 2, 3, 1, 14, 16, 17, 1, 15, 8, 6, 13, 4, 9, 7, 5, 12]"
c476e8ea-b126-49eb-ac93-59f4dcf8d7ef,[20]
c49d8ceb-b749-4fad-af40-cac83881a485,"[10, 11, 2, 16, 17, 15, 3, 14, 8, 6, 13, 4, 9, 7, 12, 5]"
c4bf78a8-4593-4863-ba9b-5ee4725caaff,"[10, 11, 2, 3, 1, 14, 16, 17, 15, 8, 6, 13, 4, 9, 7, 5, 12]"
c4d38e8d-e85d-4503-bf96-f584ae1a708a,[20]
c4e2e1c6-934b-4745-b36f-4c0d07e1d1c9,[20]
c596dc54-2096-4993-951b-18d22ffb7cc9,"[10, 11, 2, 16, 17, 1, 3, 15, 14, 8, 6, 13, 4, 9, 7, 12, 5]"
c5c55351-7f97-4c43-a903-a1874daf162d,"[10, 11, 2, 16, 17, 1, 3, 15, 14, 8, 6, 13, 4, 9, 7, 5, 12]"
c60e62e3-1100-41d1-ab7f-0a3b00105503,"[10, 11, 2, 16, 17, 1, 3, 15, 14, 8, 6, 13, 4, 9, 7, 12, 5]"
c61802ef-3714-4a37-821c-fa3bf43b55c7,[20]
c65301b6-b75e-4de5-ac65-6f4d548bee07,"[10, 11, 2, 3, 1, 14, 16, 17, 1, 15, 8, 6, 13, 4, 9, 5, 7, 12]"
c66b6bde-8803-42c1-a8cc-ab0f2ad43c5c,"[253, 149, 149]"
c6a3983c-8871-45c6-8ed8-b1ab0754cebf,[20]
c6fd9eba-13fb-47f4-b644-02a0ae221180,[20]
c7185423-6be1-473f-b83a-ba0ecd62a86e,[20]
c7229b7f-c5e4-430c-a859-2bec45f0f7af,[20]
c72c890b-89b6-41e7-8d3d-109097a961d5,[20]
c769e91a-5a7d-4042-800c-3ba8bb565300,[20]
c7dac7b5-16a9-4730-b531-105dd0c72133,"[10, 11, 2, 16, 17, 1, 3, 15, 14, 8, 6, 13, 4, 9, 7, 12, 1, 5]"
c7e1c1ef-d9cd-4e2c-90f2-6b919dbf0b85,"[10, 11, 2, 3, 1, 14, 16, 17, 1, 15, 8, 6, 13, 4, 9, 22, 7, 12, 5]"
c7f64ab9-eaa6-4c74-9496-5ec1d3506f32,"[10, 11, 2, 16, 17, 1, 3, 14, 15, 8, 6, 13, 4, 9, 7, 12, 5]"
c84f154a-b68f-4a83-adb8-73f5902adcd1,"[10, 11, 2, 3, 1, 14, 16, 17, 1, 15, 8, 6, 13, 4, 9, 7, 12, 5]"
c853adb9-fa61-4680-8b40-ac09099c613d,[20]
c87ef88c-d996-4a04-a21b-d84d68347244,[20]
c88346c2-5bd0-492a-b2c2-9ed53c44755d,"[10, 11, 221, 35, 13, 4, 8, 6, 4, 9, 7, 12]"
c88589bd-9eda-4f7e-894c-bb589ec572f9,"[10, 11, 2, 3, 1, 14, 16, 17, 15, 8, 6, 13, 4, 9, 7, 22, 12, 5]"
c88f7c62-ba02-41b3-9084-c3f30b2d63a7,"[10, 11, 2, 3, 14, 16, 17, 1, 15, 8, 6, 13, 4, 9, 7, 12, 5]"
c8a22e7a-7e5b-43e4-a5be-43b57966d793,"[10, 11, 2, 3, 1, 13, 4, 25, 8, 6, 4, 9, 27, 26, 7, 12, 5]"
c8e185a6-bb7e-43db-8af3-f45e4a01890a,"[10, 11, 2, 2, 2, 2, 3, 3, 3, 3, 1, 1, 1, 1, 28, 1, 23, 5, 5, 5, 5, 1, 1, 1, 1, 1, 29, 13, 4, 25, 8, 6, 4, 9, 27, 26, 7, 12, 8, 6, 4, 9, 7]"
c93e0364-b3b9-400d-a28b-4eac6830855d,"[10, 11, 2, 2, 2, 2, 3, 3, 3, 3, 1, 1, 1, 1, 28, 23, 5, 5, 5, 5, 1, 1, 1, 1, 1, 1, 1, 29, 13, 4, 25, 8, 6, 4, 9, 27, 26, 7, 12, 8, 6, 4, 9, 7, 1]"
c971926f-7514-47da-a82a-eee9bfcea485,"[10, 11, 2, 3, 1, 13, 4, 25, 8, 6, 4, 9, 27, 26, 7, 12, 5]"
c9788edf-c37c-43b7-9e6e-b5f64aa93f06,[20]
ca213c8f-f22b-43bb-939f-063fb45fb421,"[10, 11, 2, 3, 1, 13, 4, 25, 8, 6, 4, 9, 27, 26, 7, 12, 5]"
ca24ac02-0b21-40b3-a333-ff8c031217da,"[10, 11, 2, 3, 1, 14, 16, 17, 1, 15, 8, 6, 13, 4, 9, 7, 12, 5]"
ca252321-5ac0-4b6a-8a2c-0a1b5bc3940e,"[10, 11, 2, 3, 1, 14, 16, 17, 1, 15, 8, 6, 13, 4, 9, 7, 12, 5]"
ca255992-4593-4432-9a81-32e8f286d70b,"[10, 11, 2, 16, 17, 1, 3, 14, 15, 8, 6, 13, 4, 9, 7, 12, 5]"
ca6be97d-ada3-4191-8be7-553bcb0cdd83,"[10, 11, 2, 16, 17, 1, 3, 15, 14, 8, 6, 13, 4, 9, 7, 12, 5]"
ca752262-ad47-4b29-9864-56600c06798d,"[10, 11, 2, 3, 1, 14, 16, 17, 1, 15, 8, 6, 13, 4, 9, 7, 12, 5]"
cad330bc-c825-4e6f-8e86-abb8d8db33f0,"[10, 11, 2, 3, 1, 14, 16, 17, 1, 15, 8, 6, 13, 4, 9, 7, 12, 5, 1]"
cadf062c-24b3-423d-bb51-8477e0fb8b1d,"[10, 11, 2, 3, 1, 14, 16, 17, 1, 15, 8, 6, 13, 4, 9, 7, 12, 5]"
cb264972-406d-4d0c-84a1-f893ba99cfb8,[20]
cb2e9487-6c3e-4c70-92ca-3a2d1a4f10e8,"[10, 11, 2, 3, 1, 14, 16, 17, 15, 1, 8, 6, 13, 4, 9, 7, 12, 5]"
cb4f1c4d-364f-47a8-9de0-112c87be6f22,"[10, 11, 2, 16, 17, 1, 3, 14, 15, 8, 6, 13, 4, 9, 5, 7, 12]"
cb575ad0-fbda-48ef-9b3d-2fc647f73bb6,[20]
cb5efb5c-9f6a-404d-9e39-147fc80ce1ec,[20]
cb7d22e5-a8b6-4abc-8381-265c9a05d802,"[206, 141, 141, 141]"
cb858b0f-cb4a-4c39-9fe8-95faebe36b4d,"[10, 11, 2, 3, 1, 14, 16, 17, 1, 15, 8, 6, 13, 4, 9, 22, 7, 12, 5]"
cb99040a-e999-4d3b-b444-6a8ec374bc43,[20]
cba446d5-214d-40e3-97ef-cac663da1831,"[10, 11, 2, 16, 17, 1, 3, 15, 14, 1, 8, 6, 13, 4, 9, 7, 12, 5]"
cbb87365-05de-4dbe-ab1a-93f82c14afaa,"[10, 11, 2, 2, 2, 2, 3, 3, 3, 3, 1, 1, 1, 28, 1, 23, 1, 5, 5, 5, 5, 1, 1, 1, 1, 8, 6, 13, 4, 9, 7, 12, 29, 4, 33, 8, 6, 4, 9, 7]"
cc17f9af-a62c-41c2-9fbb-d27505965801,[20]
cc1f1e21-37a8-48ac-a852-28f2f1d5836b,"[10, 11, 2, 3, 1, 14, 16, 17, 1, 15, 8, 6, 13, 4, 9, 7, 12, 5]"
cc21de4f-2e0c-4f50-b4a2-697cd862ec36,"[10, 11, 2, 3, 1, 14, 16, 17, 15, 8, 6, 13, 4, 9, 7, 12, 5]"
cc552f62-10ce-45d6-83f6-c06ba8133f0b,"[10, 11, 2, 3, 16, 17, 1, 14, 15, 8, 6, 13, 4, 9, 7, 12, 5]"
cc5cfbc0-87d8-4232-9ec7-1501e8e15544,"[10, 11, 2, 3, 1, 14, 16, 17, 1, 15, 8, 6, 13, 4, 9, 7, 12, 5]"
cc5d63d4-a477-4218-871e-d04733e3a422,"[10, 11, 2, 3, 1, 14, 16, 17, 1, 15, 8, 6, 13, 4, 9, 7, 12, 5]"
cc624402-4133-4c85-8e33-e2bdbb592346,[20]
cc7c040d-7cb1-4482-b9ff-d292a993c060,"[10, 11, 2, 3, 1, 14, 16, 17, 1, 15, 8, 6, 13, 4, 9, 7, 12, 5]"
cc91da26-48d0-4355-b112-5812dd15519c,"[10, 11, 2, 16, 17, 1, 3, 14, 15, 8, 6, 13, 4, 9, 7, 12, 5]"
ccb145f1-afb4-46c0-ac84-87a18cf8e461,[20]
cce9306c-feab-473d-8f15-f9aeb2ba6619,"[10, 11, 2, 3, 1, 14, 16, 17, 1, 15, 8, 6, 13, 4, 9, 7, 12, 5]"
cd2302fe-cf5f-41b6-a6fc-bb22bdb4ae73,"[10, 11, 35, 13, 4, 42, 8, 6, 4, 9, 43, 7, 12]"
cd307271-1d03-4058-b06d-d2f999d8dbe8,"[10, 11, 2, 3, 1, 14, 16, 17, 1, 15, 1, 8, 6, 13, 4, 9, 7, 12, 5]"
cd4d9573-844b-474d-9ae4-9978ce915469,[20]
cd5a708a-b631-4c59-9d41-5f79e86a8630,"[10, 11, 2, 16, 17, 1, 3, 15, 14, 8, 6, 13, 4, 9, 5, 7, 12, 1]"
cd86e941-6e33-46a8-a7da-bdb39a68e806,"[10, 11, 2, 3, 1, 14, 16, 17, 1, 15, 8, 6, 13, 4, 9, 7, 12, 5]"
cdd7f4e1-ad42-4e92-9ab9-d77629305935,[20]
ce0da29c-441a-43a2-bf41-2eea4ba27f39,"[10, 11, 2, 3, 1, 14, 16, 17, 1, 15, 8, 6, 13, 4, 9, 7, 12, 5]"
ce4f9789-c40b-476a-b9a1-12b529aa1b39,[20]
ce555dee-515d-458d-a911-9a54e016fe04,[20]
ce5f3f64-4a6b-4081-8709-bb6840bc8cd4,[20]
ce717299-1142-4f95-ae40-f0a0940a184c,"[10, 11, 2, 3, 1, 14, 16, 17, 1, 15, 8, 6, 13, 4, 9, 5, 7, 12]"
ce7b1e2c-ee1d-4415-acc1-02a28e593fa4,[20]
cea463b2-be3d-4478-97de-1ba67c62c360,[20]
ced6b3c4-e23f-4bbf-8db5-9a9a51d64762,[20]
cee39fc1-8dd2-4443-bb51-1f41ea2a2e7a,"[41, 41, 41, 41]"
cf01d65a-7dc3-4b97-af61-d2299cebbfb9,[20]
cf5460ea-d61e-4f8f-8a21-0ef77a7e7a58,"[10, 11, 2, 3, 1, 14, 16, 17, 1, 15, 8, 6, 13, 4, 9, 7, 12, 5]"
cf60a33a-4cfc-4132-908f-11c19680b49c,"[297, 77, 77, 77]"
cf65d798-ad81-4ceb-ae66-8f720a2b0ba1,"[10, 11, 2, 3, 1, 14, 16, 17, 1, 15, 8, 6, 13, 4, 9, 7, 5, 12]"
cf6870b0-e1c8-4982-bd66-c7730cb9647f,[20]
cf71f397-5b60-4023-89fb-e94162542fd8,[20]
cf831e76-bbc4-4e54-8e63-4ddf7948b9c1,"[10, 11, 2, 16, 17, 1, 3, 15, 14, 8, 6, 13, 4, 9, 7, 12, 5]"
cff2c53b-d5de-4e77-95bf-a70113c09465,[20]
d003a56d-16fc-478f-8e77-1f279bb0d173,[20]
d0079bf9-4396-41ea-b731-c0130d351261,"[10, 11, 2, 2, 2, 2, 3, 3, 3, 3, 28, 1, 1, 1, 1, 23, 5, 5, 5, 5, 1, 1, 1, 1, 8, 6, 13, 4, 9, 7, 12, 29, 4, 33, 8, 6, 4, 9, 7, 1]"
d00dd495-0ec6-43e2-9551-425fda1c6c2a,[20]
d0561fc7-c935-4e23-933b-3d87832114bd,"[10, 11, 2, 3, 1, 14, 16, 17, 15, 8, 6, 13, 4, 9, 7, 12, 5]"
d06d9a25-5c3d-4e88-9514-2d32a6cbc952,"[10, 11, 2, 16, 17, 1, 3, 15, 14, 8, 6, 13, 4, 9, 7, 12, 5]"
d075e114-7c83-48d3-a021-b1bcc6b2f582,"[10, 11, 2, 3, 1, 14, 16, 17, 1, 15, 8, 6, 13, 4, 9, 7, 12, 5]"
d07b62ce-f7af-4909-b802-a45347c2759d,"[44, 10, 11, 2, 3, 1, 14, 16, 17, 1, 15, 8, 6, 13, 4, 9, 7, 12, 5]"
d0a23302-1a8d-4695-86e8-e687ef65d660,"[10, 11, 2, 16, 17, 1, 3, 15, 14, 8, 6, 13, 4, 9, 5, 7, 12]"
d0a43368-d80c-41c4-a545-cbbd211fbcc8,"[10, 11, 2, 16, 17, 1, 3, 14, 15]"
d0d5e9fc-c250-4235-ae13-a627fc37bba3,"[10, 11, 2, 3, 1, 14, 16, 17, 1, 15, 8, 6, 13, 4, 9, 7, 12, 5]"
d1014d2e-2353-49a7-92c8-42b2a8905971,"[10, 11, 2, 3, 1, 14, 16, 17, 1, 15, 8, 6, 13, 4, 9, 7, 12, 5]"
d1169250-08cd-4c62-a136-7f0f83d54122,"[10, 11, 2, 3, 1, 14, 16, 17, 1, 15, 8, 6, 13, 4, 9, 7, 12, 5]"
d1633c3a-aa87-4f71-928f-71ef8fc27bc9,"[10, 11, 2, 16, 17, 15, 3, 14, 8, 6, 13, 4, 9, 7, 12, 5]"
d194152e-da8e-4118-8362-4eb34e88ebac,"[10, 11, 2, 3, 1, 14, 16, 17, 1, 15, 8, 6, 13, 4, 9, 7, 12, 5]"
d19cc353-8c3e-43c8-bf1d-162d68f4c057,"[10, 11, 2, 16, 17, 1, 3, 15, 14, 8, 6, 13, 4, 9, 7, 12, 5]"
d1b149ef-0582-41aa-9f12-c78156d6074c,"[10, 11, 2, 3, 14, 16, 17, 1, 15, 1, 8, 6, 13, 4, 9, 5, 7, 12]"
d217d302-8e85-4124-9178-24b33e15bfa1,"[10, 11, 2, 3, 1, 14, 16, 17, 1, 15, 8, 6, 13, 4, 9, 7, 12, 5]"
d2271048-0c13-4b67-962f-cf6cc1e2308a,"[10, 11, 35, 13, 4, 42, 8, 6, 4, 9, 43, 7, 12]"
d263534d-370d-4ace-b7e3-b6d5300a5329,"[10, 11, 2, 3, 1, 13, 4, 25, 8, 6, 4, 9, 27, 26, 7, 12, 5]"
d26e1056-f8ac-4584-8a37-68f521ac9e65,[20]
d270f4e2-4d26-4876-965b-88c5cd896bf8,"[10, 11, 2, 16, 17, 1, 3, 15, 14, 8, 6, 13, 4, 9, 5, 7, 12]"
d27c47db-cf27-4023-a711-395b903abf83,[20]
d2800027-b656-41e9-8568-3c7c05cbb0e7,"[10, 11, 2, 16, 17, 1, 3, 14, 15, 8, 6, 13, 4, 9, 5, 7, 12]"
d2862b3f-f64b-43a2-86a2-b8cbafe491e1,"[10, 11, 2, 3, 1, 14, 16, 17, 15, 1, 8, 6, 13, 4, 9, 7, 12, 1, 5]"
d2b2b204-412b-440c-821b-df0ea1632551,[20]
d2d215b4-6d7b-4292-92ff-af451e3b6788,[20]
d2db4b0a-149e-47fa-82ec-efe986dcd437,[20]
d2dfff29-76e7-4359-81ba-e408bffeaa5e,[20]
d2f90b9c-8f95-41da-ab8b-57a3d0222883,"[10, 11, 2, 2, 2, 2, 3, 3, 3, 3, 1, 1, 1, 1, 28, 23, 5, 5, 5, 5, 1, 1, 1, 1, 8, 6, 13, 4, 9, 34, 7, 12, 29, 4, 33, 8, 6, 4, 9, 7]"
d32850df-6b35-48d0-8d94-d106bd972d3e,"[190, 121, 121, 121]"
d3332800-3a00-4825-a6d8-2217becaacc1,"[10, 11, 2, 16, 17, 1, 3, 15, 14, 8, 6, 13, 4, 9, 22, 7, 12, 5]"
d334dd5e-3be5-4670-8f25-ebcdbc9d16fc,[20]
d351d3a2-055b-4662-a0cc-00ff4db77072,[20]
d3673ddd-4700-442a-b011-acb82a27d7c5,"[10, 11, 2, 3, 1, 14, 16, 17, 1, 15, 1, 8, 6, 13, 4, 9, 7, 12, 5]"
d3a238e9-8959-42a9-965c-814e15765b67,[20]
d3d1781b-ec0d-4078-b6e7-d49e2a005704,"[233, 170, 170]"
d3d62052-67a3-4053-b455-d2362f394e54,"[10, 11, 2, 3, 1, 14, 16, 17, 1, 15, 8, 6, 13, 4, 9, 7, 12, 5]"
d3ebb96a-cbce-4482-b8af-1d042a12b3c0,"[10, 11, 2, 3, 1, 14, 16, 17, 15, 8, 6, 13, 4, 9, 7, 12, 5]"
d43e405f-c1e8-42e9-9ea0-40b1e07fe5ff,"[319, 63, 63, 63]"
d440f2a1-17dc-4a08-a4ab-848526a43900,[20]
d4412a1b-2910-4a26-a4ff-ea7a03b38f9b,"[10, 11, 2, 3, 1, 14, 16, 17, 1, 15, 8, 6, 13, 4, 9, 7, 12, 5]"
d47325b5-275d-4798-a642-3bc9f63e39f4,"[10, 11, 2, 3, 1, 14, 16, 17, 15, 1, 8, 6, 13, 4, 9, 7, 12, 5]"
d47e37ca-f634-489e-b0c9-3a65d29f414a,"[10, 11, 2, 16, 17, 1, 3, 15, 14, 8, 6, 13, 4, 9, 7, 12, 5]"
d4a2cbea-5f86-410d-8b13-969b7d6391d4,"[10, 11, 35, 13, 4, 8, 6, 4, 9, 7, 12]"
d4b83ea2-a2b2-407d-af27-ce2b681fd2ba,[20]
d4bffb76-b077-4fc7-a365-e8584f3aa99b,"[185, 57, 57, 57]"
d4e29aab-b9af-428b-a9c6-470b2c42b589,"[10, 11, 2, 3, 1, 14, 16, 17, 15, 8, 6, 13, 4, 9, 7, 12, 5]"
d4fa4726-84f4-476c-ad4c-87c4bc9e34cf,"[10, 11, 2, 3, 1, 14, 16, 17, 1, 15, 8, 6, 13, 4, 9, 22, 7, 5, 12]"
d52bc9e1-00c0-47f9-b4d7-fa854fa8e7f8,[20]
d564f0a2-3d82-40e6-8dd8-aae97999b738,"[10, 11, 2, 3, 1, 14, 16, 17, 1, 15, 8, 6, 13, 4, 9, 7, 12, 5]"
d57d67b4-9698-402f-ac93-e957faacbcc3,"[10, 11, 2, 16, 17, 1, 3, 15, 14, 8, 6, 13, 4, 9, 7, 12, 5]"
d599ec80-49ba-4d14-a4e1-d4f2d35e5d44,"[199, 134, 134, 134]"
d5d9cf3e-6cb4-47c9-bec8-29994da336d6,[20]
d5db4e7f-5d79-41a5-b299-3c152a2323f0,"[10, 11, 35, 13, 4, 42, 8, 6, 4, 9, 43, 7, 12]"
d5e4de45-737d-4617-a696-865a00745cbe,"[10, 11, 2, 3, 1, 14, 16, 17, 1, 15, 8, 6, 13, 4, 9, 7, 12, 5]"
d5ebddbe-8218-466b-9fd3-8f0f0828814e,[20]
d5edaf91-322a-464a-9202-a52e985c5e9b,"[229, 106, 106, 106]"
d5edfeea-56e9-49bb-aa0c-4cd1091118a2,"[10, 11, 2, 16, 17, 1, 3, 15, 14, 8, 6, 13, 4, 9, 7, 12, 5]"
d610a543-af04-49cc-8efb-ee298ce9327e,"[260, 86, 86, 86]"
d625f258-fba0-41cb-9a11-c2526178252c,[20]
d630f645-5aca-4a1b-ad75-cb4027636bd4,"[10, 11, 2, 2, 2, 2, 3, 3, 3, 3, 1, 1, 1, 1, 28, 23, 5, 5, 5, 5, 1, 1, 1, 1, 8, 6, 13, 4, 9, 7, 12, 29, 4, 33, 8, 6, 4, 9, 7]"
d67754fb-d203-4598-a833-7f38abe1ed0c,[20]
d6a6fa8d-3930-47f2-b98e-bc168d69f0a3,"[10, 11, 2, 2, 3, 3, 1, 166, 8, 6, 13, 4, 9, 168, 7, 12, 5, 5]"
d6cfe342-c77e-4830-89ca-5070f9393bc3,[20]
d6d8e0e6-ad2b-46b7-91bf-4f7a4a154ec3,"[197, 139, 139, 139]"
d6db8bc7-fbf1-45c2-9a3b-50e8b91ac1de,"[10, 11, 2, 3, 1, 14, 16, 17, 15, 1, 8, 6, 13, 4, 9, 7, 12, 5]"
d70ab276-4fd2-4272-8a42-e642434b1274,"[10, 11, 2, 2, 8, 3, 3, 6, 13, 4, 9, 7, 12, 5, 5]"
d7782eaa-7416-403e-9fa2-7aa468de631f,"[10, 11, 2, 2, 2, 2, 3, 3, 3, 3, 28, 1, 1, 1, 1, 23, 5, 5, 5, 5, 1, 1, 1, 1, 8, 6, 13, 4, 9, 34, 7, 12, 29, 4, 33, 8, 6, 4, 9, 7]"
d7989734-5623-4f8d-b56b-b01de470fd53,[20]
d7a9caae-b110-42a1-a727-090acb057e70,"[10, 11, 2, 3, 1, 14, 16, 17, 1, 15, 8, 6, 13, 4, 36, 9, 5, 7, 12]"
d7b4067e-f39e-4837-ae20-5947bb166530,"[10, 11, 2, 3, 16, 17, 14, 15, 8, 6, 13, 4, 9, 22, 7, 12, 5]"
d7f4cfef-9216-45dd-b6c4-d141825b733e,"[10, 11, 2, 16, 17, 1, 3, 15, 14, 8, 6, 13, 4, 9, 7, 12, 5]"
d81a9056-14b7-48a9-a295-38019b2b08b6,"[10, 11, 28, 2, 2, 2, 2, 3, 3, 3, 3, 1, 1, 1, 1, 23, 5, 5, 5, 5, 1, 1, 1, 1, 8, 6, 13, 4, 9, 7, 12, 29, 4, 33, 8, 6, 4, 9, 7]"
d863c3cc-7745-4f5e-aa7b-be74fef27093,[20]
d8b2481b-2a5d-4bbb-ba6d-820c03f75da7,[20]
d8e071ca-b1ff-43eb-8978-9a783706ec85,"[41, 41, 41, 41, 41, 41, 41, 41, 41, 41, 41]"
d8eb0147-473c-4287-8ddf-2fbbfcd01845,"[10, 11, 2, 3, 1, 14, 16, 17, 1, 15, 8, 6, 13, 4, 9, 7, 22, 12, 5]"
d91a72cc-df5e-4ef2-afa8-7e02cf99b071,[20]
d93c8471-f86c-4aed-aa2f-b0cc03a2b505,[20]
d93efcf5-9a95-4eea-998b-92fa055d6ccc,"[10, 11, 35, 13, 4, 42, 8, 6, 4, 9, 43, 7, 12]"
d9477d52-aff7-46cc-b308-4b6c9668840f,[20]
d97c1051-e562-483f-a9a2-a646e8e94836,"[10, 11, 2, 16, 17, 1, 3, 14, 15, 8, 6, 13, 4, 9, 7, 12, 5]"
d9a127bc-ce38-42f3-8c82-f27c7db6e882,"[10, 11, 2, 3, 1, 14, 16, 17, 1, 15, 8, 6, 13, 4, 9, 7, 12, 5]"
d9a677f9-98e7-49d6-b800-fb50a43d71b7,"[10, 11, 2, 16, 17, 1, 3, 15, 14, 8, 6, 13, 4, 9, 7, 12, 5]"
d9d03c61-bda3-4720-9859-fb2f809bacb5,"[10, 11, 2, 2, 2, 2, 16, 17, 1, 3, 1, 3, 14, 1, 3, 14, 1, 3, 14, 15, 14, 23, 5, 5, 5, 5, 32, 32, 32, 32, 31, 31, 31, 31, 39, 39, 38, 6, 38, 6, 8, 6, 13, 4, 9, 7, 12]"
d9de5b75-7ef8-4b5a-9a2c-11ee717e08be,"[10, 11, 2, 16, 17, 1, 3, 14, 15, 8, 6, 13, 4, 9, 7, 12, 5]"
d9f14b7d-1413-4c84-94b2-05f9d4f09320,"[10, 11, 2, 3, 1, 14, 16, 17, 1, 15, 8, 6, 13, 4, 9, 7, 12, 5]"
d9fb383b-32f6-4e76-b0a6-be591a069f6d,[20]
da2b85ca-6224-4a9c-8300-13f014215746,"[10, 11, 2, 3, 1, 14, 16, 17, 1, 15, 8, 6, 13, 4, 9, 7, 12, 5]"
da33b61b-e00b-49eb-87bf-b108e3c0d934,"[10, 11, 2, 3, 1, 14, 16, 17, 1, 15, 8, 6, 13, 4, 9, 7, 12, 5]"
da47494c-ddd5-4c92-8f99-b5f1d9a0881e,"[10, 11, 2, 3, 1, 14, 16, 17, 1, 15, 8, 6, 13, 4, 9, 7, 12, 5]"
da68ccaf-e66a-426e-b2e3-688eb166ffb1,"[10, 11, 2, 3, 1, 14, 16, 17, 1, 15, 8, 6, 13, 4, 9, 5, 7, 12]"
da73083c-cab6-46a1-bc74-fe301ebeca5b,"[10, 11, 2, 3, 1, 14, 16, 17, 1, 15, 8, 6, 13, 4, 9, 7, 12, 5]"
da841d8e-cb71-4ab4-881d-0944d8ad86ea,[20]
da87b948-c8de-45f9-a3e9-33021fdfcb8d,[20]
da8d3f76-f469-4217-8bfe-2d38ad158661,[20]
da9880c5-502d-4cc7-87d1-698cfa203d1f,"[10, 11, 2, 3, 1, 14, 16, 17, 1, 15, 8, 6, 13, 4, 9, 7, 12, 5]"
dad03614-be3d-4118-bbdf-d3a2f88e3bae,"[10, 11, 2, 3, 1, 14, 16, 17, 1, 15, 8, 6, 13, 4, 9, 7, 12, 5]"
dadd74b4-2a9d-4f5e-9bde-65240dccaaf9,[20]
dae59a32-5b21-43b2-973f-8013e8efc866,"[10, 11, 2, 3, 1, 14, 16, 17, 1, 15, 8, 6, 13, 4, 9, 7, 12, 5]"
db8eca4d-deff-426e-adcb-b4b3a9c9d566,"[10, 11, 2, 3, 1, 14, 16, 17, 1, 15, 8, 6, 13, 4, 9, 7, 12, 5]"
dbb26294-5c0f-4970-ab33-43e3d411e9bb,"[10, 11, 2, 16, 17, 1, 3, 15, 14, 8, 6, 13, 4, 9, 7, 12, 5]"
dbdbc35a-9a5a-4407-a4ec-3c104497638f,[20]
dbe518c1-d21c-41cc-b945-a20bb4bc0445,"[10, 11, 2, 16, 17, 1, 3, 14, 1, 15, 8, 6, 13, 4, 9, 7, 12, 5]"
dbed91d6-4788-442e-ad91-794fa2ea837d,[20]
dbf2aa44-00a2-4013-a0dd-4e774881c0d5,"[10, 11, 2, 2, 2, 2, 3, 3, 3, 3, 16, 1, 14, 17, 14, 14, 14, 1, 1, 1, 1, 15, 23, 5, 5, 5, 5, 32, 32, 32, 31, 32, 31, 31, 31, 39, 39, 39, 38, 6, 8, 6, 13, 4, 9, 34, 7, 12]"
dbf8a376-7c6e-450c-8703-be0d0694121f,[20]
dbfb9438-b424-47f3-9045-49c43039882f,[20]
dc1ed232-6dee-4171-a223-3c2a5467e7b6,[20]
dc403f5f-bfd5-4c10-9559-31597cd3e64d,[20]
dc7467ff-24df-4ecc-b6ca-06a9337add1d,[20]
dc811c82-65ca-4503-bb41-d984cf91957c,"[10, 11, 2, 2, 2, 2, 28, 3, 3, 3, 3, 1, 1, 1, 1, 23, 5, 5, 5, 5, 1, 1, 1, 1, 8, 6, 13, 4, 9, 7, 12]"
dc94ec7c-c32f-4f6a-a40f-8eb6382c2995,[20]
dc9d58ec-53a3-48b7-9e6a-3b335e383908,[20]
dcabf474-56ee-45c6-9a18-08bc7b2cca1b,[20]
dcb8a5c5-dc58-4af4-88b6-c04c2f1089be,[20]
dcbdffbf-c57a-4953-96a3-f30798925613,"[10, 11, 2, 3, 1, 14, 16, 17, 1, 15, 8, 6, 13, 4, 9, 7, 12, 5]"
dcd6a088-646c-4261-9b8a-0ee34641582a,"[10, 11, 2, 3, 1, 14, 16, 17, 1, 15, 8, 6, 13, 4, 9, 7, 12, 5]"
dcdf777d-453c-4b74-8a73-39f3c2f57b25,"[243, 110, 110, 110]"
dd2b54bf-9fba-4bd0-8fea-c53d2b7892fe,"[10, 11, 2, 3, 1, 14, 16, 17, 1, 15, 8, 6, 13, 4, 9, 7, 12, 5]"
dd639a67-3e6c-4a72-976e-e17473060ddc,"[10, 11, 2, 3, 1, 14, 16, 17, 1, 15, 1, 8, 6, 13, 4, 9, 7, 12, 5]"
dd7e1bdb-9870-4b29-91f2-2d1c3d33694f,[20]
dd838ebd-f468-4a04-aea7-6b2d521d2b85,"[10, 11, 2, 16, 17, 1, 3, 15, 14, 8, 6, 13, 4, 9, 7, 12, 5]"
ddaa3d5d-53b0-4f73-ba54-6a25ed37cd6c,"[216, 120, 120, 120]"
de2ffc29-e25e-4bc7-8a13-c164985e610c,"[10, 11, 2, 3, 1, 14, 16, 17, 1, 15, 8, 6, 13, 4, 9, 7, 12, 5]"
deab7195-3be9-416e-be21-db076420bb10,[20]
ded9a45f-20c9-46ac-8c91-16a7c24a385c,"[10, 11, 2, 3, 1, 14, 16, 17, 1, 15, 8, 6, 13, 4, 9, 7, 12, 5]"
df05fcaa-7f99-4a44-9734-e409bf0ac99d,"[44, 10, 11, 2, 3, 1, 14, 16, 17, 1, 15, 8, 6, 13, 4, 9, 7, 12, 1, 5]"
df216191-a8a1-4c14-b9e4-79179129bf8c,"[10, 11, 2, 3, 1, 14, 16, 17, 1, 15, 8, 6, 13, 4, 9, 7, 5, 12]"
df4f1dba-c2be-45ad-bd17-9dbcb8a7e4a3,"[10, 11, 2, 16, 17, 1, 3, 15, 14, 8, 6, 13, 4, 9, 22, 7, 12, 5]"
df65b7ed-3e09-4eb5-aae1-10186bb8fe75,[20]
df6d68ee-95f3-4785-ac5a-7594dc71662c,"[10, 11, 35, 13, 4, 8, 6, 4, 9, 7, 12]"
df7da0d4-b94f-4466-8c74-f959d9f371ef,"[10, 11, 28, 2, 2, 2, 2, 3, 3, 3, 3, 1, 1, 1, 1, 23, 5, 5, 5, 5, 1, 1, 1, 1, 8, 6, 13, 4, 9, 34, 7, 12, 29, 4, 33, 8, 6, 4, 9, 7]"
df88f021-7be4-41b7-837f-c8cb6696b43b,[20]
df89d7c6-58b5-4118-a29d-7b37ddbfcdcb,[20]
dfb1efaa-74ca-4abf-8cfa-fe5bcc61f112,"[10, 11, 2, 16, 17, 1, 3, 15, 14, 8, 6, 13, 4, 9, 7, 12, 5]"
dfee610e-8aae-47d8-81d8-6a5c290b9e93,"[181, 72, 72, 72]"
e0000f8b-0e97-4b2b-a1a8-9043628cfdc9,[20]
e028274e-9047-43dc-b160-503c0804f9b0,"[205, 174, 174]"
e048cec8-90c8-4289-87b9-85010cc78f42,"[10, 11, 2, 3, 1, 14, 16, 17, 15, 8, 6, 13, 4, 9, 7, 12, 5]"
e060d62c-3215-4f35-9345-5e80460f09b8,"[10, 11, 2, 16, 17, 1, 3, 14, 15, 8, 6, 13, 4, 9, 7, 12, 5]"
e06e1ef6-54c3-4e7e-b553-959c98222cd1,"[10, 11, 2, 3, 1, 14, 16, 17, 1, 15, 8, 6, 13, 4, 9, 5, 7, 12]"
e07527c3-1f07-40b0-9441-7c1bf10d2273,[20]
e11b21a0-9736-4adb-96ad-16c2d72d3208,[20]
e128d0f6-26ef-4212-954f-1626010a2c2d,[20]
e15424de-e1ac-4205-9526-b45495f493bc,"[10, 11, 2, 3, 1, 14, 16, 17, 1, 15, 8, 6, 13, 4, 9, 7, 5, 12]"
e18f59ba-277e-47e9-b01a-da2b84820e72,[20]
e1986d3b-4cf8-4fdb-84bc-985a9881c27d,"[10, 11, 2, 3, 1, 14, 16, 17, 1, 15, 8, 6, 13, 4, 9, 22, 7, 12, 5]"
e19b1074-29ab-42d0-88b0-8c8500d5e0f0,"[10, 11, 2, 16, 17, 1, 3, 15, 14, 8, 6, 13, 4, 9, 7, 12, 5]"
e1c109bb-a82a-4d8e-af4c-2e1807bbf491,"[10, 11, 48, 13, 4, 8, 6, 4, 9, 7, 12]"
e1ce64a0-ae83-4559-93e7-1b739d602200,"[10, 11, 2, 16, 17, 1, 3, 15, 14, 1, 8, 6, 13, 4, 9, 7, 12, 5]"
e1cf340f-43b2-4e00-9557-809e79154379,"[10, 11, 2, 3, 1, 14, 16, 17, 15, 8, 6, 13, 4, 9, 7, 12, 5]"
e2455030-8aea-4225-81d4-e69efe010678,"[10, 11, 2, 3, 1, 14, 16, 17, 1, 15, 8, 6, 13, 4, 36, 9, 7, 12, 5]"
e2478de5-8b1d-4f5e-aae7-3df056b76fe4,"[10, 11, 2, 16, 17, 15, 3, 14, 8, 6, 13, 4, 9, 7, 12, 5]"
e248ec31-e8dc-463a-b895-231c2cc49025,"[10, 11, 2, 3, 1, 14, 16, 17, 1, 15, 8, 6, 13, 4, 9, 7, 12, 5]"
e261fd23-16d1-4fba-86cc-65b22990dab7,"[10, 11, 2, 3, 1, 14, 16, 17, 1, 15, 8, 6, 13, 4, 9, 7, 12, 5]"
e2a1a54b-58b4-4301-a3f0-e6ccab886469,"[10, 11, 35, 13, 4, 42, 8, 6, 4, 9, 43, 7, 12]"
e2b6e847-10f0-4276-a2e6-12de4a426c0b,"[320, 64, 64, 64]"
e2ef972d-684d-4de9-8bd0-9cb25ac40a59,[20]
e30e2da1-6640-47cf-85d8-2cf36b99c5a9,[20]
e3243535-446d-42a8-a6d6-ff04c172e289,"[10, 11, 2, 3, 1, 14, 16, 17, 1, 15, 1, 8, 6, 13, 4, 9, 7, 5, 12]"
e360d66e-cfaa-4e48-bf84-5c72d0676f42,[20]
e3704f12-9c67-4dbc-9c8a-ff413742f3d4,"[10, 11, 2, 3, 1, 13, 4, 25, 8, 6, 4, 9, 27, 26, 7, 12, 5]"
e37294ae-0b40-42ad-88d5-33c129ad6507,"[10, 11, 2, 3, 1, 14, 16, 17, 1, 15, 8, 6, 13, 4, 9, 7, 12, 5]"
e399bb91-374b-4472-970e-cb13c32b9d8b,"[10, 11, 2, 3, 1, 14, 16, 17, 1, 15, 8, 6, 13, 4, 9, 5, 7, 12]"
e3bcdb19-41b9-4c05-b71e-f2e84973ea25,"[10, 11, 2, 3, 16, 17, 14, 15, 8, 6, 13, 4, 9, 7, 12, 5]"
e3c3823f-dfe2-43e6-9dad-f3c3d0325d33,"[235, 104, 104, 104]"
e3eff164-817f-4ac4-beb0-bbbc334f1c65,"[10, 11, 2, 3, 1, 14, 16, 17, 15, 8, 6, 13, 4, 9, 5, 7, 12]"
e40df018-70ba-41b9-8b49-af06d53811cb,"[10, 146, 145, 162, 161, 7, 12]"
e43ffe06-3585-4e29-a6f7-b604c156d047,"[10, 11, 2, 3, 1, 14, 16, 17, 1, 15, 8, 6, 13, 4, 5, 9, 7, 12]"
e455ecb6-2865-4004-b79c-6ed938c4ec7c,"[10, 11, 2, 16, 17, 1, 3, 15, 14, 8, 6, 13, 4, 9, 7, 5, 12]"
e4743c71-b9c2-4e28-b26f-7fe9c46ccb21,[20]
e4974e2d-857a-4290-8e1a-c5b87b97306d,[20]
e4ad4405-2529-449f-93ca-951a3172ef83,"[10, 11, 2, 3, 1, 14, 16, 17, 1, 15, 8, 6, 13, 4, 9, 7, 12, 5]"
e4c3e087-ee75-40a3-afcb-d63f62733ae6,"[10, 11, 2, 2, 2, 2, 16, 17, 1, 3, 1, 3, 1, 3, 14, 14, 14, 15, 3, 14, 23, 5, 5, 5, 5, 32, 32, 32, 31, 31, 31, 31, 39, 39, 39, 38, 6, 8, 6, 13, 4, 9, 34, 7, 12]"
e4c81848-24bb-45f8-8295-17423a4d97ec,"[10, 11, 2, 3, 16, 17, 14, 15, 8, 6, 13, 4, 9, 7, 5, 12]"
e4ea3f6d-e465-4dc1-81d0-2b767b19d8e6,"[44, 10, 11, 2, 3, 1, 14, 16, 17, 15, 1, 8, 6, 13, 4, 9, 7, 12, 5]"
e4faecd7-54e4-470b-83af-8c021fb864d7,"[10, 11, 2, 16, 17, 1, 3, 15, 14, 8, 6, 13, 4, 9, 7, 12, 5]"
e5145950-b0da-473c-a138-71cdea4001b1,[20]
e5173f87-ad02-47ea-9aca-bc640dc5a122,"[10, 11, 2, 16, 17, 1, 3, 14, 1, 15, 8, 6, 13, 4, 9, 22, 5, 7, 12]"
e54997d0-ba42-4e11-b5ce-f7aab8e1777d,[20]
e56cb080-9a2d-4de4-a66e-cbdab10fc009,[20]
e5881c60-55ff-4f98-b3e5-da561293a0ac,"[10, 11, 2, 16, 17, 1, 3, 15, 14, 8, 6, 13, 4, 9, 22, 5, 7, 12]"
e5b4a878-6598-419a-9ccc-c1d03e7781e7,"[10, 11, 2, 16, 17, 1, 3, 15, 14, 8, 6, 13, 4, 9, 7, 12, 5]"
e5b5e3d0-ee57-48bb-b0c2-1ff95148a21e,"[10, 11, 2, 3, 1, 14, 16, 17, 1, 15, 8, 6, 13, 4, 9, 22, 7, 12, 5]"
e604e106-feba-4530-b83e-87751a9ab64e,"[10, 11, 2, 3, 1, 14, 16, 17, 1, 15, 8, 6, 13, 4, 9, 22, 5, 7, 12]"
e625f3c6-f475-44c9-849c-8c45f754d9af,"[10, 11, 2, 3, 1, 13, 4, 25, 8, 6, 4, 9, 27, 26, 7, 12, 5]"
e6451996-f6a9-4d7e-983e-dc8d44411ae7,"[10, 11, 35, 13, 4, 42, 8, 6, 4, 9, 43, 7, 12]"
e678bcca-8acd-4288-91a1-b4709df7d675,[20]
e6ade7b6-e71c-4b83-8054-d4ce500d5230,[20]
e6e72293-2891-4630-a092-396463b0e83b,[20]
e719e4bd-092c-448e-abbe-79360ec690b8,[20]
e7335a13-0885-45e5-8ceb-1ebd47564e72,"[10, 11, 2, 3, 1, 14, 16, 17, 1, 15, 8, 6, 13, 4, 9, 5, 7, 12]"
e73f9aca-9406-4aa6-83c3-b645af08b808,"[10, 11, 2, 16, 17, 1, 3, 15, 14, 8, 6, 13, 4, 9, 7, 12, 5]"
e7660d02-3b33-4600-ac97-bd8c82f8ad2f,"[10, 11, 35, 13, 4, 42, 8, 6, 4, 9, 43, 7, 12]"
e774a1c1-6179-4ffc-848f-dd64fda93bd7,[20]
e783f66a-59e7-453a-9a5e-2cbda345b4a7,"[10, 11, 2, 3, 1, 13, 4, 25, 8, 6, 4, 9, 27, 26, 7, 12, 5]"
e7b8e318-a404-4bb9-aefe-f26cd24ef70a,"[10, 11, 28, 2, 2, 2, 2, 3, 3, 3, 3, 1, 1, 1, 1, 23, 5, 5, 5, 5, 1, 1, 1, 1, 1, 8, 6, 13, 4, 9, 7, 12, 29, 4, 33, 8, 6, 4, 9, 7]"
e7f06ef7-9c76-4afc-a4bb-f095c581c7cc,"[10, 11, 2, 3, 1, 14, 16, 17, 1, 15, 8, 6, 13, 4, 9, 36, 7, 5, 12]"
e80f9b61-1be9-4ed6-b1ed-7227f3bf4b0d,"[10, 11, 2, 3, 1, 14, 16, 17, 15, 8, 6, 13, 4, 9, 7, 12, 5]"
e82f4038-ceb9-4c52-a1c5-e47f2615bf28,"[10, 11, 2, 16, 17, 1, 3, 15, 14, 8, 6, 13, 4, 9, 22, 7, 12, 5]"
e83b3eed-49a0-44aa-905b-3cd7f7a4b714,"[10, 11, 2, 16, 17, 1, 3, 15, 14, 8, 6, 13, 4, 9, 7, 12, 5]"
e87b4524-ea27-487b-944b-fe21cfcd9a51,"[10, 11, 2, 2, 3, 3, 1, 1, 8, 6, 13, 4, 9, 7, 12, 5, 5]"
e885b957-ba84-4a4d-b105-86c99d7092d3,[20]
e899aeb6-1412-400f-b41b-aad49fd635a6,[20]
e89b64ad-fac5-4eed-9ff8-da6bfd352bbf,"[301, 115, 115, 115]"
e89c4b61-056d-4354-958b-b3c472695296,"[10, 11, 2, 3, 1, 14, 16, 17, 1, 15, 8, 6, 13, 4, 9, 7, 12, 5]"
e8b87fc9-6835-41f6-a943-31e2890646f4,"[10, 11, 2, 3, 1, 14, 16, 17, 15, 8, 6, 13, 4, 9, 7, 12, 5]"
e8fdbc10-b416-4e96-8bbf-ac117f9a6ed9,[20]
e927b7ea-d713-4365-9435-ee559ddad244,"[10, 11, 2, 3, 1, 14, 16, 17, 1, 15, 8, 6, 13, 4, 9, 7, 12, 5]"
e92c363f-6972-4909-b826-ca703f06b47b,"[10, 11, 2, 3, 1, 14, 16, 17, 1, 15, 8, 6, 13, 4, 9, 7, 12, 5]"
e9556576-5acd-4495-9061-a45b4a345af7,"[10, 11, 2, 3, 1, 16, 17, 14, 1, 15, 8, 6, 13, 4, 9, 22, 5, 7, 12]"
e95846cc-d2e8-4e27-bfd5-3be219b9b38a,"[10, 11, 2, 3, 1, 14, 16, 17, 15, 1, 8, 6, 13, 4, 9, 7, 5, 12]"
e961e243-c0e8-448b-a085-1033c037b940,[266]
e9915bf4-8457-4605-85ca-3fd07ac6ebf7,"[10, 11, 2, 3, 1, 14, 16, 17, 1, 15, 8, 6, 13, 4, 36, 9, 7, 12, 5]"
e9b19006-8388-4c7a-ba3a-73ad18893cc8,"[10, 11, 2, 3, 1, 14, 16, 17, 1, 15, 8, 6, 13, 4, 9, 7, 12, 1, 5]"
e9b26166-0cd2-433b-a393-b35c3919bc57,"[10, 11, 2, 16, 17, 1, 3, 15, 14, 8, 6, 13, 4, 9, 7, 12, 5]"
e9b8ef32-b7e2-4eba-aa75-8adeabcb7e9e,"[10, 11, 2, 16, 17, 1, 3, 15, 14, 8, 6, 13, 4, 9, 7, 12, 5]"
e9c19878-f5ba-40d5-b1e2-7f3db6af424c,"[10, 11, 2, 16, 17, 1, 3, 14, 15, 8, 6, 13, 4, 9, 7, 12, 5]"
ea2b5dc2-618e-40e3-9b6d-c07d8d1e0ef5,[20]
ea568a4d-eed4-4bf5-ab8f-9c61eb2e7c80,"[10, 11, 2, 1, 3, 16, 17, 14, 15, 8, 6, 13, 4, 9, 7, 12, 5]"
eaf30d4d-1b46-4ebd-8c5a-99c6bb6577fd,[20]
eaffae5b-19f1-43fa-854e-030dfac5a1a3,"[10, 11, 2, 3, 1, 14, 16, 17, 1, 15, 1, 8, 6, 13, 4, 9, 7, 12, 5]"
eb300849-525f-4d30-b3d1-8f655f7cceab,[20]
eba7f7c7-7922-4e13-a632-c12869281fb5,"[10, 11, 2, 3, 1, 14, 16, 17, 15, 8, 6, 13, 4, 9, 5, 7, 12]"
ebc78fe8-c57d-468e-bdfb-4abdf283d707,[20]
ec224e0c-d3f1-4edb-9142-3b057a5cca35,"[10, 11, 2, 3, 1, 14, 16, 17, 1, 15, 8, 6, 13, 4, 9, 7, 12, 5]"
ec449ada-c36c-4476-ad61-c6037b159537,"[10, 11, 2, 3, 1, 14, 16, 17, 1, 15, 8, 6, 13, 4, 9, 7, 12, 5]"
eca3ebae-53fd-4999-a4a4-a3ff2a31fd0b,"[10, 11, 2, 3, 1, 14, 16, 17, 15, 8, 6, 13, 4, 9, 7, 12, 5]"
eca8cb64-9b61-4ad8-b0f7-705a01bdabb4,"[10, 11, 2, 16, 17, 15, 1, 3, 14, 8, 6, 13, 4, 9, 7, 45, 12, 5]"
ecd1d17d-5e53-4084-a0f3-197292ed7a03,[20]
ed220ef4-a14c-4d40-bfa5-06d038ff8078,[20]
ed25a2fe-649e-497e-9e54-0f2347066247,"[10, 11, 2, 3, 1, 14, 16, 17, 1, 15, 8, 6, 13, 4, 9, 7, 12, 5]"
ed4752e9-36b4-40ce-b00c-c9d85c0de2fc,"[10, 11, 2, 16, 17, 1, 3, 15, 14, 8, 6, 13, 4, 9, 36, 5, 7, 12]"
ed483abc-21db-44e7-836b-dfd226f1ebc8,"[10, 11, 2, 3, 1, 14, 16, 17, 1, 15, 8, 6, 13, 4, 9, 7, 12, 5]"
ed8812c6-afb1-45e7-acb7-b0a719c25f62,[20]
eda67da0-8e8a-480f-b0a9-076eaea375c7,"[10, 11, 28, 2, 2, 2, 2, 3, 3, 3, 3, 1, 1, 1, 1, 23, 5, 5, 5, 5, 1, 1, 1, 1, 8, 6, 13, 4, 9, 34, 7, 12]"
eda78c55-3016-4791-bea3-ec1b59203b67,"[10, 11, 2, 16, 17, 1, 3, 15, 14, 8, 6, 13, 4, 36, 9, 7, 5, 12]"
edc0c06d-cdf3-41f2-bafe-6672eab71281,[20]
ee169333-4aa5-4342-b2b2-e9d4cb84b471,"[10, 11, 2, 16, 17, 1, 3, 14, 15, 8, 6, 13, 4, 9, 7, 12, 5]"
ee2cb123-d0f5-4a22-b172-1ca05dc39260,[20]
ee7c9aab-68c6-4ded-9f56-5bde77cee42d,"[10, 11, 2, 16, 17, 1, 3, 15, 14, 8, 6, 13, 4, 9, 7, 12, 5]"
ee84aa4c-38c3-45cf-a721-97f9fa8f69cd,"[10, 11, 2, 16, 17, 1, 3, 14, 15, 8, 6, 13, 4, 9, 7, 12, 5]"
ee8c69f0-7cbc-4f61-882b-004a539706c7,"[10, 11, 35, 13, 4, 8, 6, 4, 9, 7, 12]"
eede57b9-7edb-4ff6-9c5a-995e1884c138,[20]
ef317465-c486-47b9-9daa-1b2372cbc83f,"[10, 11, 2, 3, 1, 14, 16, 17, 1, 15, 8, 6, 13, 4, 9, 7, 12, 5]"
ef407448-ac76-44c6-961e-e456c1a4337e,"[10, 11, 2, 16, 17, 1, 3, 14, 15, 8, 6, 13, 4, 9, 7, 12, 5]"
ef82c9dc-9e08-45a3-b9b6-3b9aac1a0754,"[10, 11, 2, 3, 1, 14, 16, 17, 1, 15, 8, 6, 13, 4, 9, 7, 12, 5]"
ef8fb26a-1fc1-497b-acb0-a90b1cc71aa2,[20]
f0012f08-a772-4f4e-8af1-3c4364510f68,"[10, 11, 2, 3, 1, 14, 16, 17, 1, 15, 8, 6, 13, 4, 9, 7, 5, 12]"
f00a8bb6-bd9f-4d75-8337-50a0649090b3,"[10, 11, 2, 3, 1, 14, 16, 17, 1, 15, 8, 6, 13, 4, 9, 7, 12, 5]"
f00fa05a-c13a-4ab3-a921-f9c737534a17,"[10, 11, 2, 16, 17, 1, 3, 14, 15, 8, 6, 13, 4, 9, 22, 7, 5, 12]"
f017d9b9-f597-4ee6-9c51-c38106d3411d,[20]
f0244aea-5fef-4e98-ae13-ed7530ea543e,[204]
f109e663-ea94-4e31-8a64-0677145f6bd5,"[10, 11, 2, 3, 1, 16, 17, 14, 15, 8, 6, 13, 4, 36, 9, 7, 12, 5]"
f1433bbf-897d-45e8-b278-da980ea44911,"[10, 11, 2, 3, 1, 13, 4, 25, 8, 6, 4, 9, 27, 26, 7, 12]"
f1c8cf68-310e-43a4-9a4a-b378a8e07661,"[10, 11, 2, 3, 1, 14, 16, 17, 15, 8, 6, 13, 4, 9, 7, 12, 5]"
f20e30b7-4a0b-40ee-8978-3aaa24f26f66,[20]
f2650691-50ad-4217-a481-f31a2e115223,"[10, 11, 2, 3, 1, 14, 16, 17, 1, 15, 8, 6, 13, 4, 9, 7, 12, 5]"
f2722586-2498-4d62-aa1c-be6a5bb4c23d,"[10, 11, 2, 3, 1, 14, 16, 17, 1, 15, 8, 6, 13, 4, 36, 9, 7, 12, 5]"
f273a9a1-06b7-458c-a02c-2c1a2067ccf0,[20]
f27be1f5-e9e4-4538-bef4-4c6544f8e902,"[10, 11, 2, 16, 17, 1, 3, 15, 14, 8, 6, 13, 4, 9, 7, 12, 5]"
f29e77dc-ffab-4093-830f-356fdbac40c3,[20]
f2e7ac57-37c8-4bf1-a924-046c54e712a7,"[10, 11, 2, 3, 1, 14, 16, 17, 15, 8, 6, 13, 4, 9, 7, 12, 5]"
f2ecff20-4ad4-4697-810d-b70520db1a16,"[10, 11, 2, 3, 1, 14, 16, 17, 1, 15, 8, 6, 13, 4, 9, 7, 12, 5]"
f3012caa-3a45-472d-b345-6fba8a15ade5,"[10, 11, 28, 2, 2, 2, 2, 3, 3, 3, 3, 1, 1, 1, 1, 23, 5, 5, 5, 5, 1, 1, 1, 1, 1, 1, 1, 29, 13, 4, 25, 8, 6, 4, 9, 27, 26, 7, 12, 8, 6, 4, 9, 7, 1]"
f319fa12-1d46-496b-863f-d5e8fabdabc7,[20]
f35adb37-4942-4ca0-85c2-ee06b1b862be,"[10, 11, 2, 3, 1, 14, 16, 17, 15, 8, 6, 13, 4, 9, 7, 12, 5]"
f36f3064-284c-4336-8de2-d2336ab0bc0a,"[10, 11, 2, 3, 1, 14, 16, 17, 1, 15, 8, 6, 13, 4, 9, 7, 12, 5]"
f3a6be8e-3fc5-47e8-9c2a-0265f02eacf7,"[10, 11, 2, 3, 1, 14, 16, 17, 1, 15, 8, 6, 13, 4, 9, 7, 5, 12]"
f3a9cf97-203b-4ba1-9c7f-3b7031c91af4,"[10, 11, 2, 16, 17, 15, 1, 3, 1, 14, 8, 6, 13, 4, 9, 7, 12, 5]"
f3c66e8a-f509-48c7-a424-b67ed13aeeca,"[10, 11, 2, 16, 17, 1, 3, 15, 14, 8, 6, 13, 4, 9, 7, 12, 5]"
f4309eb0-8aff-4cb0-a350-91009c141c86,"[10, 11, 28, 2, 2, 2, 2, 3, 3, 3, 3, 1, 1, 1, 1, 23, 1, 5, 5, 5, 5, 1, 1, 1, 1, 29, 13, 4, 25, 8, 6, 4, 9, 27, 26, 7, 12, 8, 6, 4, 9, 7]"
f43df10b-2616-4ab9-b560-0e4e1808cfe6,"[10, 11, 2, 3, 1, 14, 16, 17, 15, 8, 6, 13, 4, 9, 7, 5, 12]"
f44b705e-b9ee-491b-9bc4-cefbc2d0b202,[20]
f4507ec5-6414-449f-b00b-5c07b6f83718,[20]
f47350e4-897a-43ea-8904-27723b83cc5a,"[10, 11, 2, 3, 1, 14, 16, 17, 1, 15, 8, 6, 13, 4, 9, 7, 12, 5]"
f4788724-cf4c-4326-af29-f28b116462da,"[10, 11, 2, 16, 17, 1, 3, 15, 14, 8, 6, 13, 4, 9, 7, 12, 5]"
f4c5a7ce-411a-426c-991b-80a8123361fd,[20]
f4c731f8-def8-4d3d-ae30-a7715226bc4a,[20]
f4e7e026-7e04-4b22-bdaf-f2d0e174b400,[20]
f4f324c0-a193-4711-b106-094992af6158,"[10, 11, 2, 16, 17, 1, 3, 15, 14, 8, 6, 13, 4, 9, 7, 12, 5]"
f51e2827-c532-43df-9f58-cf2ca3625b99,"[10, 11, 2, 3, 1, 14, 16, 17, 1, 15, 8, 6, 13, 4, 9, 7, 12, 1, 5]"
f52f599a-b2a2-478c-bcfe-9933528dd526,"[10, 11, 2, 16, 17, 1, 3, 14, 15, 8, 6, 13, 4, 9, 22, 5, 7, 12]"
f5564199-cb21-4c0c-bfe2-dcf555b0f383,[20]
f592b9b3-08ce-4de9-81ce-bd1bc077f687,[20]
f5a3e2c8-6b24-4785-8cfe-7114b313997f,"[10, 11, 2, 16, 17, 1, 3, 14, 15, 8, 6, 13, 4, 9, 7, 12, 5]"
f5bdb497-2d57-44b4-8882-4fc29682c1c1,[20]
f5c9a7f5-68a9-4147-9755-e3af9b36ae5a,[20]
f5eb0e8f-da9b-44a1-8c57-d669df6bfe99,"[10, 11, 2, 16, 17, 15, 1, 3, 14, 8, 6, 13, 4, 9, 22, 7, 12, 5]"
f60c2034-bd41-413f-944f-6a167bcc823b,"[208, 176, 176]"
f64eb170-daf7-44c3-ac3b-8d89d50261d7,"[10, 11, 2, 16, 17, 1, 3, 14, 15, 8, 6, 13, 4, 9, 7, 12, 5]"
f6b2df47-f7e3-4e70-9d01-3af1ed043531,"[10, 11, 2, 2, 16, 17, 1, 3, 1, 3, 14, 15, 14, 23, 5, 5, 32, 32, 31, 31, 38, 6, 38, 6, 8, 6, 13, 4, 9, 7, 12]"
f6b88df9-ed7b-4868-bf1c-1ff7a61d4ad1,[20]
f6b921f9-a5c1-458d-bc55-be2d1dccaac4,[20]
f6d4dc59-f486-45e4-800d-ba50486bad55,[20]
f6ec2f57-ad11-4329-8346-bf1a6eb54954,"[10, 11, 2, 3, 1, 14, 16, 17, 15, 8, 6, 13, 4, 9, 7, 12, 5]"
f702e8e0-1cbd-40f9-8a62-33e9d133b7b1,"[10, 11, 2, 3, 1, 14, 16, 17, 1, 15, 8, 6, 13, 4, 9, 7, 12, 5]"
f70ede8d-7792-4461-a278-a9e49660008b,"[10, 11, 2, 16, 17, 1, 3, 14, 15, 8, 6, 13, 4, 9, 7, 12, 5]"
f76f948b-3357-4762-908c-e7a2a1b4e7a7,"[10, 11, 2, 3, 1, 14, 16, 17, 1, 15, 8, 6, 13, 4, 9, 7, 12, 5]"
f79547b4-ef6e-420f-b321-008bcf0c3c1d,"[10, 11, 2, 3, 1, 14, 16, 17, 15, 1, 8, 6, 13, 4, 9, 7, 22, 12, 5]"
f7ddb34f-fb9f-4a9d-9a33-6ec155fa9fdd,"[10, 11, 2, 3, 1, 14, 16, 17, 1, 15, 8, 6, 13, 4, 9, 7, 5, 12]"
f7e41c3b-ea09-44d7-9456-c1ef84e640c6,[20]
f7e7a908-bbf0-43e6-8b61-b0a153e99255,"[10, 11, 2, 2, 2, 2, 3, 3, 3, 3, 1, 1, 1, 1, 28, 23, 5, 5, 5, 5, 1, 1, 1, 1, 8, 6, 13, 4, 9, 7, 34, 12, 29, 4, 33, 8, 6, 4, 9, 7]"
f81be937-3271-4cbf-9450-8c1fcd0e2dfb,"[10, 11, 2, 16, 17, 1, 3, 14, 15, 8, 6, 13, 4, 9, 7, 12, 5]"
f82927cc-bf5a-4e7d-958e-5b2a08645eb8,[20]
f8305475-1f7b-4cae-bd5a-d44565f7d00b,"[10, 11, 2, 3, 1, 14, 16, 17, 1, 15, 8, 6, 13, 4, 9, 7, 12, 5]"
f83089d3-4a5f-49ef-ac65-e975de39f581,[20]
f836c22d-c042-4dda-8356-95b63abac93a,"[10, 11, 2, 16, 17, 1, 3, 15, 1, 14, 8, 6, 13, 4, 9, 7, 12, 5]"
f853588d-eccc-4d22-967d-92416818de5f,[20]
f8613791-5898-42f6-aa42-c16a2c59a90b,"[202, 133, 133, 133]"
f86f7cc2-505f-407b-82e9-d6efa3752594,"[10, 11, 2, 16, 17, 1, 3, 15, 14, 8, 6, 13, 4, 9, 7, 12, 5]"
f88e5975-8929-4305-8be7-9ca8935461a9,"[248, 169, 169]"
f8a9b2d3-30f5-4673-8d22-d701a4dc45da,[20]
f8ba6027-b5bb-4263-b8bb-0f9e8272f493,"[10, 11, 2, 3, 1, 14, 16, 17, 1, 15, 8, 6, 13, 4, 9, 7, 12, 5]"
f9489dd4-2dc7-4a2a-aee9-a440244abd5a,[20]
f983b538-81a5-40ff-99ae-8e3ce5bbf2be,[20]
f9bea38f-a572-461f-b736-033062936e89,"[321, 65, 65, 65]"
f9e1e6e6-aec6-40de-bc1f-3dc4c3853a24,"[10, 11, 2, 2, 3, 3, 1, 1, 14, 14, 16, 17, 1, 1, 15, 1, 314, 8, 6, 13, 4, 9, 7, 12, 5, 5]"
f9f57229-14d0-41b6-b86e-b2a4a23d3ccf,[20]
f9f92bd2-fb1e-4fef-a458-8d5c1f07f84c,"[10, 11, 2, 3, 1, 14, 16, 17, 1, 15, 8, 6, 13, 4, 9, 7, 12, 5]"
fa02f2c7-e729-4742-a624-5c155feb50d7,"[10, 11, 2, 3, 1, 14, 16, 17, 15, 8, 6, 13, 4, 9, 7, 12, 5]"
fa4f4b2b-7c39-411c-8511-ab30c5898217,"[10, 11, 2, 3, 1, 14, 16, 17, 1, 15, 8, 6, 13, 4, 9, 7, 12, 5]"
fa6116d7-be32-4dbe-8972-4e7045049132,[20]
fa773435-f254-4237-9a3d-a9027cc40df4,[20]
fa7c6ce1-b711-4410-9cd8-40e112898e0b,[20]
fa91d7de-0896-41e1-a733-0260d1e20e89,"[11, 2, 3, 1, 13, 4, 25, 8, 6, 4, 9, 27, 26, 7, 12, 5]"
fa98ff74-a78e-4808-be20-0e9c7d8b4322,"[10, 11, 2, 16, 17, 1, 3, 15, 14, 8, 6, 13, 4, 9, 7, 12, 5]"
faa5a7b8-343d-49bc-8aeb-35a731284d89,"[10, 11, 2, 3, 1, 14, 16, 17, 1, 15, 8, 6, 13, 4, 9, 7, 12, 5]"
fae18831-1c43-44d6-b460-64f39a1910c5,[20]
fb116552-7592-4248-8d53-78556afa7165,"[188, 123, 123, 123]"
fb20bef8-97d0-41e0-bc7d-680ab0148b8a,"[10, 11, 2, 2, 2, 2, 3, 3, 3, 3, 1, 1, 1, 1, 28, 1, 23, 5, 5, 5, 5, 1, 1, 1, 1, 29, 1, 13, 4, 25, 8, 6, 4, 9, 27, 26, 7, 12, 1]"
fb2982a0-be70-4648-9610-f68851037c04,"[10, 11, 2, 3, 1, 13, 4, 25, 8, 6, 4, 9, 27, 26, 7, 12]"
fb354540-3da0-45ba-9b80-cc8d7c516a68,"[10, 11, 2, 16, 17, 1, 3, 15, 14, 8, 6, 13, 4, 9, 22, 7, 12, 5]"
fb6b88a9-09a2-4ad4-a329-9247fad36eaf,"[10, 11, 28, 2, 2, 2, 2, 3, 3, 1, 3, 3, 1, 1, 1, 23, 5, 5, 5, 5, 1, 1, 1, 1, 1, 1, 1, 29, 13, 4, 25, 8, 6, 4, 9, 27, 26, 7, 12, 1, 8, 6, 4, 9, 7]"
fb76c1e2-8e74-4282-bccc-9968a07b928d,[20]
fb8e345c-3bef-4004-934a-123edf6f1b8c,"[10, 11, 2, 16, 17, 1, 3, 14, 1, 15, 8, 6, 13, 4, 9, 7, 12, 5]"
fbfe70b3-33b6-4208-96c2-ab38ac82bd0c,"[10, 11, 2, 3, 1, 14, 16, 17, 1, 15, 8, 6, 13, 4, 9, 7, 12, 5]"
fc17adba-bbc8-4714-b773-44f0e3ee8917,"[10, 11, 2, 3, 1, 14, 16, 17, 1, 15, 8, 6, 13, 4, 9, 7, 12, 5]"
fc17eb0f-6bf7-45b3-91f0-3cb6fe5ac76d,[20]
fc61bd0a-77ab-4716-be88-de55d4037e6f,"[10, 11, 2, 3, 16, 17, 1, 14, 1, 15, 8, 6, 13, 4, 9, 7, 12, 5]"
fc6b9e1c-27b1-4bd3-8049-806b9e9406e8,[20]
fc7d98b7-0c8b-439b-b8e7-c552d192cc1e,"[10, 11, 2, 3, 1, 14, 16, 17, 15, 1, 8, 6, 13, 4, 9, 7, 12, 5]"
fc7fdac8-8af6-49c4-8ba8-f80b6d35f996,[20]
fcaed5c9-f63d-4f7e-a85d-76c5ea034d21,"[10, 11, 2, 3, 1, 14, 16, 17, 1, 15, 8, 6, 13, 4, 36, 9, 7, 12, 5]"
fcbbd634-0f83-4dd0-8654-3d0b73a9b2a7,"[10, 11, 2, 3, 1, 14, 16, 17, 1, 15, 8, 6, 13, 4, 9, 7, 12, 5]"
fced82d5-8ab1-4ffe-a1c0-4dcec5a816ac,"[10, 11, 2, 3, 1, 14, 16, 17, 1, 15, 8, 6, 13, 4, 9, 7, 12, 5]"
fd1a1e71-b755-467b-a442-953c267db034,"[10, 11, 2, 16, 17, 1, 3, 15, 14, 8, 6, 13, 4, 9, 7, 12, 5]"
fd750099-65bf-4119-bf8a-de123e31ad03,"[10, 11, 2, 16, 17, 1, 3, 15, 14, 8, 6, 13, 4, 9, 22, 7, 12, 5]"
fd9f0b86-558d-4c87-bf6f-f6916db4e8aa,[20]
fda20495-56f5-4acb-83ee-a5e4965dde30,"[10, 11, 2, 3, 1, 14, 16, 17, 1, 15, 8, 6, 13, 4, 9, 7, 12, 5]"
fdb5ebb7-f887-4780-b1be-30b3e0876de7,"[10, 11, 2, 16, 17, 15, 3, 14, 8, 6, 13, 4, 9, 22, 7, 5, 12]"
fdd4e86d-4c63-489e-bcb9-a1f4897e8ab7,"[10, 11, 2, 2, 2, 2, 16, 17, 1, 3, 1, 3, 1, 3, 14, 1, 3, 14, 14, 14, 15, 23, 5, 5, 5, 5, 32, 32, 32, 32, 31, 31, 31, 31, 1, 39, 39, 39, 38, 6, 8, 6, 13, 4, 9, 34, 7, 12]"
fde1bed1-65a1-4b46-a30c-89638eef81c3,"[10, 11, 2, 16, 17, 1, 3, 14, 1, 15, 8, 6, 13, 4, 9, 7, 12, 5]"
fde88601-504e-44b8-82ee-e99fc5b4ef93,"[10, 11, 2, 16, 17, 15, 3, 14, 8, 6, 13, 4, 9, 7, 12, 5]"
fe1c141a-01cf-4264-a65b-5a3197631875,"[10, 11, 2, 3, 1, 14, 16, 17, 1, 15, 8, 6, 13, 4, 9, 22, 7, 45, 12, 5]"
fe1c2674-1407-41d6-9f70-327674ac2def,[20]
fe687b37-f116-4aa6-beea-293b06095b57,"[10, 11, 2, 3, 1, 14, 16, 17, 1, 15, 8, 6, 13, 4, 9, 7, 12, 5]"
fe938626-1d04-4e96-a448-818a67782f69,"[10, 11, 2, 16, 17, 1, 3, 14, 15, 8, 6, 13, 4, 9, 7, 12, 5]"
fe948a8f-1107-454c-859e-2c17d3de4075,[20]
fe9f1b2f-5897-4e16-8446-a38f13d74184,"[10, 11, 2, 16, 17, 1, 3, 14, 15, 8, 6, 13, 4, 9, 7, 12, 5]"
feb52759-8388-49ab-ac47-33c82e6f1f93,"[180, 124, 124, 124]"
fee3d9e9-2bfa-44e1-9773-734b79305f88,"[10, 11, 2, 3, 1, 14, 16, 17, 1, 15, 8, 6, 13, 4, 9, 7, 12, 5]"
ff4e7a1e-0bc1-4c51-8f0b-e2b2c7dd27ce,[20]
ff696bde-064d-49b2-ab06-e261bb6b5f70,"[10, 11, 2, 16, 17, 1, 3, 15, 14, 8, 6, 13, 4, 9, 7, 12, 5]"
ff7e7238-bc99-4c0b-87e9-f9c16dad9225,"[10, 11, 2, 3, 1, 14, 16, 17, 15, 8, 6, 13, 4, 9, 5, 7, 12]"
ffcaccc2-336c-4f18-8b6d-af6a65dd9620,[20]
